           1    -5.53918    -5.53918           0
           2    -5.53874    -5.53896 0.000157381
           3    -5.53829    -5.53874 0.000209636
           4    -5.53785    -5.53852 0.000248355
           5    -5.53741    -5.53829 0.000280707
           6    -5.53697    -5.53807  0.00030915
           7    -5.53653    -5.53785 0.000334858
           8    -5.53609    -5.53763 0.000358502
           9    -5.53532    -5.53737 0.000400037
          10    -5.53489    -5.53713 0.000430554
          11    -5.53445    -5.53688 0.000455038
          12    -5.53272    -5.53654 0.000533115
          13    -5.53164    -5.53616 0.000610679
          14    -5.52992    -5.53571 0.000711413
          15    -5.52787    -5.53519 0.000834205
          16    -5.52486    -5.53454  0.00100125
          17    -5.52185     -5.5338  0.00118866
          18    -5.51884    -5.53297  0.00138295
          19     -5.5168    -5.53212     0.00155
          20    -5.51379     -5.5312  0.00172218
          21    -5.50981    -5.53018  0.00191784
          22    -5.50681    -5.52912  0.00210446
          23    -5.50316    -5.52799  0.00229584
          24     -5.5008    -5.52686  0.00246392
          25    -5.49877    -5.52573  0.00260903
          26    -5.49673    -5.52462  0.00273674
          27    -5.49373    -5.52347  0.00286446
          28    -5.49138    -5.52233  0.00298263
          29    -5.48968     -5.5212   0.0030849
          30    -5.48798     -5.5201  0.00317458
          31    -5.48467    -5.51895  0.00327139
          32    -5.48298    -5.51783  0.00335677
          33    -5.48161    -5.51673  0.00342977
          34    -5.48057    -5.51567  0.00348988
          35    -5.47954    -5.51463  0.00353956
          36    -5.47915    -5.51365  0.00357585
          37    -5.47748    -5.51267  0.00361038
          38    -5.47581     -5.5117  0.00364337
          39    -5.47317    -5.51071  0.00368145
          40    -5.47152    -5.50973  0.00371754
          41    -5.46987    -5.50876  0.00375189
          42    -5.46854     -5.5078  0.00378278
          43    -5.46723    -5.50686  0.00381069
          44    -5.46657    -5.50594  0.00383253
          45    -5.46559    -5.50505  0.00385086
          46    -5.46397    -5.50415  0.00386929
          47    -5.46269    -5.50327  0.00388624
          48    -5.46206    -5.50241  0.00389896
          49    -5.46047    -5.50156  0.00391222
          50    -5.46019    -5.50073   0.0039205
          51    -5.45829     -5.4999  0.00393093
          52    -5.45674    -5.49907  0.00394199
          53    -5.45649    -5.49826  0.00394865
          54    -5.45592    -5.49748  0.00395262
          55    -5.45505    -5.49671  0.00395534
          56    -5.45418    -5.49595  0.00395693
          57    -5.45301     -5.4952  0.00395856
          58    -5.45218    -5.49445  0.00395919
          59    -5.45136    -5.49372  0.00395889
          60    -5.44991    -5.49299  0.00395969
          61    -5.44977    -5.49229  0.00395769
          62    -5.44964     -5.4916  0.00395318
          63    -5.44921    -5.49092  0.00394728
          64    -5.44814    -5.49026   0.0039418
          65     -5.4471    -5.48959  0.00393668
          66    -5.44639    -5.48894  0.00393107
          67    -5.44506    -5.48828  0.00392656
          68    -5.44439    -5.48764   0.0039215
          69    -5.44407    -5.48701  0.00391517
          70    -5.44377    -5.48639  0.00390767
          71    -5.44316    -5.48578  0.00389978
          72    -5.44289    -5.48518  0.00389085
          73    -5.44167    -5.48459  0.00388293
          74    -5.44145      -5.484  0.00387397
          75    -5.44157    -5.48344  0.00386342
          76    -5.44171    -5.48289  0.00385141
          77    -5.44187    -5.48236  0.00383806
          78    -5.44172    -5.48184  0.00382404
          79    -5.44225    -5.48134  0.00380833
          80    -5.44247    -5.48085  0.00379158
          81    -5.44271    -5.48038  0.00377389
          82    -5.44265    -5.47992  0.00375581
          83    -5.44261    -5.47947  0.00373737
          84    -5.44291    -5.47903  0.00371814
          85     -5.4429    -5.47861  0.00369861
          86    -5.44291    -5.47819  0.00367882
          87    -5.44327    -5.47779  0.00365837
          88    -5.44364     -5.4774  0.00363733
          89    -5.44403    -5.47703  0.00361574
          90    -5.44443    -5.47667  0.00359365
          91    -5.44485    -5.47632  0.00357113
          92    -5.44497    -5.47598  0.00354853
          93    -5.44509    -5.47564  0.00352588
          94    -5.44555    -5.47532  0.00350288
          95    -5.44506    -5.47501  0.00348046
          96    -5.44522     -5.4747  0.00345801
          97    -5.44571     -5.4744  0.00343525
          98    -5.44622    -5.47411  0.00341221
          99    -5.44673    -5.47383  0.00338893
         100    -5.44758    -5.47357  0.00336519
         101    -5.44778    -5.47331  0.00334155
         102    -5.44832    -5.47307  0.00331776
         103    -5.44885    -5.47283  0.00329387
         104    -5.44972    -5.47261  0.00326969
         105    -5.45027     -5.4724  0.00324546
         106    -5.45081     -5.4722  0.00322123
         107    -5.45104      -5.472  0.00319719
         108    -5.45158    -5.47181  0.00317317
         109    -5.45213    -5.47163  0.00314919
         110    -5.45235    -5.47145  0.00312543
         111    -5.45289    -5.47129  0.00310175
         112    -5.45375    -5.47113    0.003078
         113    -5.45396    -5.47098  0.00305451
         114    -5.45417    -5.47083  0.00303127
         115    -5.45469    -5.47069  0.00300816
         116    -5.45553    -5.47056  0.00298506
         117    -5.45604    -5.47043  0.00296213
         118    -5.45654    -5.47032  0.00293937
         119    -5.45703    -5.47021  0.00291679
         120    -5.45783     -5.4701  0.00289431
         121    -5.45798       -5.47  0.00287212
         122    -5.45844    -5.46991  0.00285014
         123    -5.45856    -5.46981  0.00282846
         124      -5.459    -5.46973  0.00280699
         125    -5.45975    -5.46965  0.00278567
         126    -5.46017    -5.46957  0.00276458
         127    -5.46089     -5.4695  0.00274366
         128    -5.46128    -5.46944  0.00272297
         129    -5.46134    -5.46938  0.00270259
         130     -5.4617    -5.46932  0.00268245
         131    -5.46205    -5.46926  0.00266254
         132    -5.46271    -5.46921  0.00264283
         133    -5.46368    -5.46917  0.00262329
         134      -5.464    -5.46913    0.002604
         135    -5.46397    -5.46909  0.00258499
         136    -5.46425    -5.46906  0.00256623
         137    -5.46452    -5.46903  0.00254771
         138    -5.46446    -5.46899  0.00252946
         139     -5.4647    -5.46896  0.00251145
         140    -5.46493    -5.46893  0.00249368
         141    -5.46483     -5.4689  0.00247616
         142    -5.46471    -5.46887   0.0024589
         143     -5.4649    -5.46885  0.00244186
         144    -5.46476    -5.46882  0.00242507
         145    -5.46492    -5.46879   0.0024085
         146    -5.46443    -5.46876  0.00239218
         147     -5.4649    -5.46874  0.00237606
         148    -5.46471    -5.46871  0.00236016
         149    -5.46483    -5.46868  0.00234446
         150    -5.46397    -5.46865  0.00232904
         151    -5.46439    -5.46862  0.00231379
         152     -5.4648     -5.4686   0.0022987
         153    -5.46456    -5.46857  0.00228383
         154    -5.46463    -5.46855  0.00226914
         155    -5.46501    -5.46852  0.00225462
         156    -5.46539     -5.4685  0.00224025
         157    -5.46543    -5.46848  0.00222607
         158    -5.46546    -5.46846  0.00221206
         159    -5.46549    -5.46845  0.00219823
         160    -5.46583    -5.46843  0.00218455
         161    -5.46584    -5.46841  0.00217104
         162    -5.46584     -5.4684   0.0021577
         163    -5.46616    -5.46838  0.00214451
         164    -5.46614    -5.46837  0.00213147
         165    -5.46612    -5.46836   0.0021186
         166     -5.4661    -5.46834  0.00210588
         167    -5.46607    -5.46833  0.00209331
         168    -5.46636    -5.46832  0.00208089
         169    -5.46599     -5.4683  0.00206862
         170    -5.46595    -5.46829   0.0020565
         171    -5.46525    -5.46827  0.00204455
         172    -5.46519    -5.46825  0.00203274
         173    -5.46513    -5.46824  0.00202107
         174    -5.46572    -5.46822  0.00200951
         175    -5.46565    -5.46821  0.00199808
         176    -5.46557    -5.46819  0.00198678
         177    -5.46582    -5.46818   0.0019756
         178    -5.46542    -5.46816  0.00196456
         179    -5.46534    -5.46815  0.00195365
         180    -5.46526    -5.46813  0.00194286
         181    -5.46484    -5.46811  0.00193221
         182    -5.46475    -5.46809  0.00192169
         183    -5.46466    -5.46808  0.00191128
         184    -5.46521    -5.46806  0.00190095
         185    -5.46544    -5.46805  0.00189073
         186    -5.46469    -5.46803  0.00188065
         187    -5.46524    -5.46801  0.00187065
         188    -5.46546      -5.468  0.00186075
         189    -5.46503    -5.46798  0.00185097
         190    -5.46524    -5.46797  0.00184129
         191    -5.46449    -5.46795  0.00183174
         192     -5.4647    -5.46793  0.00182227
         193    -5.46459    -5.46792  0.00181291
         194    -5.46447     -5.4679  0.00180366
         195    -5.46468    -5.46788  0.00179448
         196    -5.46489    -5.46787  0.00178539
         197    -5.46477    -5.46785   0.0017764
         198    -5.46432    -5.46783  0.00176752
         199    -5.46452    -5.46782  0.00175871
         200     -5.4644     -5.4678     0.00175
         201    -5.46427    -5.46778  0.00174138
         202    -5.46415    -5.46776  0.00173286
         203     -5.4637    -5.46774  0.00172444
         204    -5.46389    -5.46773  0.00171609
         205    -5.46409    -5.46771  0.00170781
         206    -5.46396    -5.46769  0.00169961
         207    -5.46318    -5.46767  0.00169154
         208    -5.46305    -5.46765  0.00168356
         209    -5.46389    -5.46763   0.0016756
         210    -5.46375    -5.46761  0.00166772
         211    -5.46362    -5.46759  0.00165992
         212    -5.46381    -5.46757  0.00165219
         213    -5.46367    -5.46755  0.00164453
         214    -5.46386    -5.46754  0.00163694
         215    -5.46373    -5.46752  0.00162942
         216    -5.46359     -5.4675  0.00162198
         217    -5.46313    -5.46748  0.00161463
         218    -5.46235    -5.46746  0.00160739
         219    -5.46254    -5.46743  0.00160021
         220    -5.46176    -5.46741  0.00159314
         221    -5.46066    -5.46738  0.00158623
         222    -5.46053    -5.46735  0.00157938
         223    -5.46008    -5.46731  0.00157264
         224    -5.45962    -5.46728  0.00156599
         225    -5.45982    -5.46725  0.00155938
         226     -5.4597    -5.46721  0.00155284
         227    -5.45957    -5.46718  0.00154636
         228    -5.45913    -5.46714  0.00153999
         229    -5.45868    -5.46711   0.0015337
         230    -5.45889    -5.46707  0.00152745
         231    -5.45878    -5.46704  0.00152126
         232    -5.45834      -5.467  0.00151517
         233    -5.45888    -5.46696  0.00150906
         234     -5.4591    -5.46693  0.00150299
         235    -5.45868    -5.46689    0.001497
         236     -5.4589    -5.46686  0.00149104
         237    -5.45816    -5.46682   0.0014852
         238    -5.45742    -5.46678  0.00147949
         239    -5.45734    -5.46675  0.00147383
         240    -5.45694     -5.4667  0.00146825
         241    -5.45654    -5.46666  0.00146277
         242    -5.45679    -5.46662  0.00145729
         243    -5.45607    -5.46658  0.00145194
         244    -5.45601    -5.46653  0.00144664
         245    -5.45531    -5.46649  0.00144146
         246    -5.45526    -5.46644  0.00143632
         247    -5.45586     -5.4664  0.00143114
         248    -5.45647    -5.46636  0.00142593
         249    -5.45644    -5.46632  0.00142076
         250    -5.45641    -5.46628  0.00141563
         251    -5.45671    -5.46624  0.00141051
         252    -5.45669     -5.4662  0.00140542
         253    -5.45668    -5.46617  0.00140037
         254    -5.45667    -5.46613  0.00139535
         255    -5.45699    -5.46609  0.00139034
         256      -5.457    -5.46606  0.00138536
         257    -5.45701    -5.46602  0.00138042
         258    -5.45767    -5.46599  0.00137545
         259    -5.45769    -5.46596  0.00137051
         260    -5.45772    -5.46593  0.00136561
         261    -5.45807     -5.4659  0.00136071
         262    -5.45746    -5.46586   0.0013559
         263    -5.45782    -5.46583  0.00135108
         264    -5.45819    -5.46581  0.00134628
         265    -5.45857    -5.46578  0.00134147
         266    -5.45895    -5.46575  0.00133668
         267    -5.45965    -5.46573  0.00133186
         268    -5.45972    -5.46571  0.00132708
         269    -5.45946    -5.46568  0.00132235
         270    -5.45953    -5.46566  0.00131765
         271    -5.45928    -5.46564    0.001313
         272    -5.45968    -5.46562  0.00130836
         273    -5.46009     -5.4656  0.00130372
         274    -5.45985    -5.46557  0.00129913
         275    -5.45961    -5.46555  0.00129459
         276    -5.45937    -5.46553  0.00129009
         277    -5.46011    -5.46551  0.00128558
         278    -5.46021    -5.46549   0.0012811
         279     -5.4603    -5.46547  0.00127664
         280     -5.4604    -5.46545  0.00127221
         281    -5.46082    -5.46544  0.00126779
         282    -5.46059    -5.46542  0.00126341
         283    -5.46069     -5.4654  0.00125906
         284    -5.46079    -5.46539  0.00125473
         285    -5.46089    -5.46537  0.00125043
         286    -5.46098    -5.46536  0.00124615
         287    -5.46076    -5.46534  0.00124191
         288    -5.46054    -5.46532  0.00123771
         289    -5.45966     -5.4653  0.00123358
         290    -5.45976    -5.46529  0.00122948
         291    -5.46018    -5.46527  0.00122538
         292    -5.45996    -5.46525  0.00122131
         293    -5.45973    -5.46523  0.00121729
         294     -5.4595    -5.46521  0.00121331
         295    -5.45992    -5.46519  0.00120933
         296    -5.45936    -5.46517   0.0012054
         297    -5.45945    -5.46515   0.0012015
         298    -5.45987    -5.46514   0.0011976
         299    -5.45995    -5.46512  0.00119372
         300    -5.45971     -5.4651  0.00118987
         301    -5.46012    -5.46509  0.00118604
         302    -5.46052    -5.46507   0.0011822
         303    -5.46124    -5.46506  0.00117837
         304    -5.46132    -5.46505  0.00117456
         305    -5.46139    -5.46503  0.00117077
         306    -5.46146    -5.46502    0.001167
         307    -5.46152    -5.46501  0.00116326
         308    -5.46191      -5.465  0.00115952
         309    -5.46197    -5.46499  0.00115581
         310     -5.4617    -5.46498  0.00115213
         311    -5.46176    -5.46497  0.00114847
         312    -5.46214    -5.46496  0.00114483
         313    -5.46251    -5.46495   0.0011412
         314    -5.46255    -5.46494  0.00113759
         315    -5.46195    -5.46494  0.00113402
         316    -5.46166    -5.46492  0.00113048
         317     -5.4617    -5.46491  0.00112695
         318     -5.4614     -5.4649  0.00112347
         319    -5.46143    -5.46489     0.00112
         320    -5.46146    -5.46488  0.00111655
         321    -5.46148    -5.46487  0.00111312
         322    -5.46182    -5.46486   0.0011097
         323    -5.46248    -5.46485  0.00110629
         324    -5.46249    -5.46485   0.0011029
         325    -5.46185    -5.46484  0.00109955
         326    -5.46185    -5.46483  0.00109621
         327    -5.46185    -5.46482   0.0010929
         328    -5.46184    -5.46481   0.0010896
         329    -5.46216     -5.4648  0.00108632
         330    -5.46215    -5.46479  0.00108306
         331    -5.46278    -5.46479   0.0010798
         332    -5.46373    -5.46479  0.00107656
         333    -5.46403    -5.46478  0.00107333
         334      -5.464    -5.46478  0.00107011
         335    -5.46429    -5.46478  0.00106692
         336    -5.46426    -5.46478  0.00106375
         337    -5.46389    -5.46477  0.00106059
         338    -5.46385    -5.46477  0.00105746
         339    -5.46348    -5.46477  0.00105435
         340    -5.46375    -5.46477  0.00105125
         341    -5.46402    -5.46476  0.00104817
         342    -5.46428    -5.46476  0.00104511
         343    -5.46422    -5.46476  0.00104206
         344    -5.46416    -5.46476  0.00103903
         345    -5.46441    -5.46476  0.00103602
         346    -5.46402    -5.46476  0.00103303
         347    -5.46426    -5.46475  0.00103005
         348    -5.46451    -5.46475  0.00102709
         349    -5.46475    -5.46475  0.00102415
         350    -5.46402    -5.46475  0.00102123
         351    -5.46362    -5.46475  0.00101832
         352    -5.46353    -5.46474  0.00101544
         353    -5.46441    -5.46474  0.00101256
         354      -5.464    -5.46474   0.0010097
         355    -5.46391    -5.46474  0.00100686
         356     -5.4635    -5.46474  0.00100404
         357    -5.46308    -5.46473  0.00100124
         358    -5.46332    -5.46473 0.000998446
         359    -5.46355    -5.46472 0.000995671
         360    -5.46346    -5.46472 0.000992911
         361    -5.46369    -5.46472 0.000990165
         362    -5.46425    -5.46472  0.00098743
         363    -5.46385    -5.46471 0.000984713
         364    -5.46376    -5.46471 0.000982011
         365    -5.46401    -5.46471 0.000979323
         366    -5.46425    -5.46471 0.000976648
         367    -5.46418    -5.46471 0.000973987
         368    -5.46411     -5.4647 0.000971342
         369    -5.46437     -5.4647  0.00096871
         370     -5.4643     -5.4647 0.000966093
         371    -5.46392     -5.4647 0.000963491
         372    -5.46387     -5.4647 0.000960903
         373    -5.46383     -5.4647  0.00095833
         374    -5.46346    -5.46469 0.000955773
         375    -5.46375    -5.46469 0.000953228
         376     -5.4634    -5.46469 0.000950699
         377    -5.46338    -5.46468 0.000948184
         378    -5.46304    -5.46468 0.000945685
         379    -5.46335    -5.46468 0.000943196
         380    -5.46303    -5.46467 0.000940724
         381    -5.46271    -5.46467 0.000938269
         382     -5.4624    -5.46466 0.000935832
         383    -5.46241    -5.46465 0.000933407
         384    -5.46212    -5.46465    0.000931
         385    -5.46215    -5.46464 0.000928604
         386    -5.46187    -5.46463 0.000926226
         387    -5.46191    -5.46463 0.000923859
         388    -5.46132    -5.46462 0.000921518
         389    -5.46106    -5.46461 0.000919194
         390    -5.46177     -5.4646 0.000916866
         391    -5.46184    -5.46459 0.000914548
         392    -5.46224    -5.46459 0.000912235
         393    -5.46265    -5.46458 0.000909927
         394    -5.46241    -5.46458 0.000907634
         395     -5.4625    -5.46457 0.000905352
         396    -5.46227    -5.46457 0.000903084
         397    -5.46269    -5.46456 0.000900822
         398    -5.46279    -5.46456 0.000898569
         399    -5.46354    -5.46456 0.000896321
         400    -5.46364    -5.46455 0.000894083
         401    -5.46439    -5.46455 0.000891854
         402     -5.4645    -5.46455 0.000889635
         403    -5.46395    -5.46455 0.000887429
         404    -5.46405    -5.46455 0.000885233
         405    -5.46383    -5.46455 0.000883049
         406    -5.46457    -5.46455 0.000880874
         407    -5.46532    -5.46455 0.000878712
         408    -5.46541    -5.46455 0.000876561
         409    -5.46615    -5.46456 0.000874426
         410    -5.46591    -5.46456   0.0008723
         411    -5.46599    -5.46456 0.000870184
         412    -5.46607    -5.46457  0.00086808
         413    -5.46646    -5.46457  0.00086599
         414     -5.4662    -5.46458 0.000863907
         415    -5.46724    -5.46458 0.000861849
         416    -5.46664    -5.46459 0.000859792
         417    -5.46637    -5.46459  0.00085774
         418    -5.46577    -5.46459 0.000855693
         419    -5.46548     -5.4646 0.000853653
         420    -5.46584     -5.4646 0.000851626
         421    -5.46586     -5.4646 0.000849608
         422    -5.46588     -5.4646 0.000847601
         423    -5.46557    -5.46461   0.0008456
         424    -5.46461    -5.46461 0.000843606
         425    -5.46429    -5.46461 0.000841621
         426    -5.46364     -5.4646 0.000839648
         427    -5.46363     -5.4646 0.000837685
         428     -5.4633     -5.4646 0.000835733
         429    -5.46393     -5.4646 0.000833787
         430    -5.46391     -5.4646 0.000831849
         431    -5.46388    -5.46459 0.000829921
         432    -5.46385    -5.46459 0.000828002
         433    -5.46381    -5.46459 0.000826091
         434    -5.46378    -5.46459  0.00082419
         435    -5.46503    -5.46459 0.000822296
         436    -5.46531    -5.46459 0.000820412
         437    -5.46559    -5.46459 0.000818537
         438    -5.46522    -5.46459  0.00081667
         439    -5.46516     -5.4646 0.000814811
         440    -5.46575     -5.4646 0.000812963
         441    -5.46408     -5.4646  0.00081112
         442    -5.46402     -5.4646 0.000809286
         443    -5.46363    -5.46459 0.000807462
         444     -5.4626    -5.46459 0.000805656
         445    -5.46254    -5.46459 0.000803859
         446    -5.46215    -5.46458 0.000802075
         447    -5.46176    -5.46457 0.000800306
         448    -5.46201    -5.46457  0.00079854
         449    -5.46227    -5.46456 0.000796778
         450    -5.46155    -5.46456 0.000795035
         451    -5.46148    -5.46455 0.000793301
         452    -5.46109    -5.46454 0.000791583
         453    -5.46134    -5.46453 0.000789868
         454    -5.46127    -5.46453  0.00078816
         455    -5.46152    -5.46452 0.000786456
         456    -5.46112    -5.46451 0.000784767
         457    -5.46105    -5.46451 0.000783086
         458    -5.46098     -5.4645 0.000781414
         459    -5.46026    -5.46449 0.000779766
         460    -5.45986    -5.46448 0.000778136
         461    -5.46011    -5.46447 0.000776506
         462    -5.46069    -5.46446 0.000774868
         463    -5.46126    -5.46445 0.000773225
         464    -5.46119    -5.46445 0.000771591
         465    -5.46144    -5.46444 0.000769959
         466    -5.46072    -5.46443 0.000768348
         467    -5.46064    -5.46442 0.000766745
         468     -5.4596    -5.46441 0.000765176
         469    -5.45985     -5.4644 0.000763607
         470    -5.45978    -5.46439 0.000762045
         471    -5.45971    -5.46438 0.000760492
         472    -5.45931    -5.46437 0.000758957
         473    -5.45924    -5.46436  0.00075743
         474    -5.46046    -5.46435 0.000755877
         475    -5.46072    -5.46435 0.000754324
         476    -5.46033    -5.46434 0.000752787
         477    -5.45993    -5.46433 0.000751265
         478    -5.45954    -5.46432 0.000749761
         479    -5.45947    -5.46431 0.000748264
         480    -5.45973     -5.4643 0.000746766
         481    -5.45966    -5.46429 0.000745275
         482    -5.46057    -5.46428 0.000743769
         483     -5.4605    -5.46427  0.00074227
         484    -5.46044    -5.46427 0.000740779
         485    -5.46038    -5.46426 0.000739295
         486    -5.46064    -5.46425 0.000737811
         487    -5.46058    -5.46424 0.000736335
         488    -5.46117    -5.46424 0.000734853
         489    -5.46112    -5.46423 0.000733378
         490    -5.46074    -5.46422 0.000731915
         491    -5.46069    -5.46422  0.00073046
         492    -5.46032    -5.46421 0.000729018
         493    -5.46027     -5.4642 0.000727583
         494    -5.46023    -5.46419 0.000726155
         495    -5.46019    -5.46418 0.000724733
         496    -5.45951    -5.46417 0.000723333
         497    -5.45883    -5.46416 0.000721957
         498    -5.45945    -5.46415  0.00072057
         499    -5.45942    -5.46415 0.000719188
         500    -5.45972    -5.46414 0.000717804
         501    -5.45938    -5.46413 0.000716434
         502    -5.45904    -5.46412 0.000715079
         503     -5.4587    -5.46411 0.000713738
         504    -5.45902     -5.4641 0.000712393
         505    -5.45966    -5.46409 0.000711037
         506    -5.45999    -5.46408 0.000709678
         507    -5.46032    -5.46407 0.000708317
         508    -5.46001    -5.46406 0.000706968
         509    -5.46035    -5.46406 0.000705616
         510    -5.46069    -5.46405 0.000704264
         511    -5.46071    -5.46404 0.000702916
         512    -5.46042    -5.46404 0.000701578
         513    -5.46078    -5.46403  0.00070024
         514    -5.46081    -5.46402 0.000698905
         515    -5.46086    -5.46402 0.000697575
         516    -5.46155    -5.46401  0.00069624
         517    -5.46063    -5.46401 0.000694924
         518    -5.46036      -5.464 0.000693618
         519    -5.45978    -5.46399 0.000692329
         520    -5.46049    -5.46398 0.000691031
         521    -5.46023    -5.46398 0.000689742
         522    -5.45966    -5.46397  0.00068847
         523    -5.45973    -5.46396 0.000687201
         524    -5.45949    -5.46395 0.000685943
         525    -5.45957    -5.46394 0.000684687
         526    -5.45998    -5.46394 0.000683427
         527    -5.45974    -5.46393 0.000682177
         528    -5.45983    -5.46392 0.000680929
         529    -5.45993    -5.46391 0.000679683
         530    -5.46035    -5.46391 0.000678434
         531    -5.46044     -5.4639 0.000677188
         532    -5.46087    -5.46389 0.000675939
         533    -5.46064    -5.46389 0.000674698
         534    -5.46107    -5.46388 0.000673456
         535     -5.4615    -5.46388 0.000672211
         536    -5.46128    -5.46387 0.000670975
         537    -5.46106    -5.46387 0.000669746
         538    -5.46149    -5.46386 0.000668516
         539    -5.46192    -5.46386 0.000667285
         540    -5.46202    -5.46386 0.000666058
         541    -5.46213    -5.46385 0.000664834
         542    -5.46158    -5.46385 0.000663621
         543    -5.46168    -5.46385 0.000662411
         544    -5.46178    -5.46384 0.000661204
         545    -5.46188    -5.46384 0.000660001
         546    -5.46133    -5.46383 0.000658808
         547    -5.46175    -5.46383 0.000657614
         548    -5.46249    -5.46383 0.000656419
         549    -5.46258    -5.46382 0.000655227
         550    -5.46235    -5.46382 0.000654041
         551    -5.46308    -5.46382 0.000652856
         552    -5.46316    -5.46382 0.000651674
         553    -5.46389    -5.46382 0.000650496
         554    -5.46462    -5.46382 0.000649323
         555    -5.46404    -5.46382 0.000648153
         556    -5.46443    -5.46382 0.000646988
         557     -5.4645    -5.46382 0.000645828
         558    -5.46553    -5.46383 0.000644678
         559    -5.46591    -5.46383 0.000643535
         560    -5.46564    -5.46383 0.000642394
         561    -5.46634    -5.46384 0.000641265
         562    -5.46638    -5.46384  0.00064014
         563    -5.46707    -5.46385 0.000639028
         564    -5.46711    -5.46385 0.000637921
         565    -5.46682    -5.46386 0.000636814
         566     -5.4662    -5.46386 0.000635702
         567    -5.46655    -5.46387 0.000634599
         568    -5.46689    -5.46387 0.000633504
         569    -5.46756    -5.46388 0.000632424
         570    -5.46725    -5.46389 0.000631342
         571    -5.46693    -5.46389 0.000630259
         572    -5.46661     -5.4639 0.000629175
         573    -5.46662     -5.4639 0.000628095
         574    -5.46629    -5.46391 0.000627014
         575    -5.46596    -5.46391 0.000625934
         576    -5.46628    -5.46391 0.000624861
         577    -5.46627    -5.46392 0.000623791
         578    -5.46625    -5.46392 0.000622725
         579    -5.46526    -5.46392 0.000621654
         580    -5.46557    -5.46393 0.000620588
         581    -5.46587    -5.46393 0.000619529
         582    -5.46617    -5.46393 0.000618477
         583    -5.46582    -5.46394 0.000617424
         584    -5.46514    -5.46394  0.00061637
         585     -5.4651    -5.46394  0.00061532
         586    -5.46507    -5.46394 0.000614273
         587      -5.466    -5.46395 0.000613236
         588    -5.46628    -5.46395 0.000612206
         589    -5.46689    -5.46395 0.000611187
         590    -5.46685    -5.46396 0.000610171
         591    -5.46681    -5.46396 0.000609158
         592    -5.46611    -5.46397  0.00060814
         593    -5.46639    -5.46397 0.000607128
         594    -5.46505    -5.46397 0.000606108
         595    -5.46468    -5.46398 0.000605091
         596    -5.46495    -5.46398 0.000604078
         597     -5.4649    -5.46398 0.000603068
         598    -5.46517    -5.46398 0.000602063
         599    -5.46544    -5.46398 0.000601063
         600    -5.46474    -5.46398 0.000600062
         601    -5.46404    -5.46398 0.000599064
         602    -5.46399    -5.46398 0.000598069
         603    -5.46362    -5.46398 0.000597077
         604    -5.46356    -5.46398 0.000596089
         605    -5.46383    -5.46398 0.000595104
         606    -5.46378    -5.46398 0.000594122
         607    -5.46308    -5.46398 0.000593145
         608    -5.46271    -5.46398 0.000592173
         609    -5.46233    -5.46398 0.000591207
         610    -5.46196    -5.46397 0.000590247
         611     -5.4619    -5.46397 0.000589291
         612    -5.46185    -5.46397 0.000588338
         613    -5.46342    -5.46397 0.000587379
         614    -5.46304    -5.46396 0.000586424
         615    -5.46299    -5.46396 0.000585473
         616    -5.46359    -5.46396 0.000584523
         617    -5.46354    -5.46396 0.000583576
         618    -5.46381    -5.46396 0.000582631
         619    -5.46506    -5.46396 0.000581693
         620    -5.46501    -5.46396 0.000580757
         621    -5.46464    -5.46397 0.000579823
         622    -5.46491    -5.46397 0.000578893
         623    -5.46454    -5.46397 0.000577964
         624    -5.46449    -5.46397 0.000577039
         625    -5.46444    -5.46397 0.000576116
         626    -5.46439    -5.46397 0.000575196
         627    -5.46434    -5.46397 0.000574279
         628    -5.46461    -5.46397 0.000573365
         629    -5.46424    -5.46397 0.000572454
         630    -5.46484    -5.46397 0.000571547
         631    -5.46447    -5.46397 0.000570642
         632    -5.46474    -5.46398  0.00056974
         633    -5.46469    -5.46398 0.000568841
         634    -5.46399    -5.46398 0.000567944
         635    -5.46427    -5.46398  0.00056705
         636    -5.46422    -5.46398 0.000566158
         637    -5.46482    -5.46398 0.000565271
         638    -5.46444    -5.46398 0.000564385
         639    -5.46536    -5.46398 0.000563506
         640    -5.46531    -5.46398  0.00056263
         641    -5.46559    -5.46399 0.000561757
         642    -5.46457    -5.46399 0.000560883
         643    -5.46484    -5.46399 0.000560012
         644    -5.46479    -5.46399 0.000559144
         645    -5.46409    -5.46399 0.000558277
         646    -5.46339    -5.46399 0.000557414
         647    -5.46366    -5.46399 0.000556553
         648    -5.46361    -5.46399 0.000555694
         649     -5.4642    -5.46399 0.000554838
         650    -5.46415    -5.46399 0.000553984
         651    -5.46409    -5.46399 0.000553133
         652    -5.46372    -5.46399 0.000552285
         653    -5.46399    -5.46399 0.000551439
         654    -5.46393    -5.46399 0.000550596
         655    -5.46356    -5.46399 0.000549756
         656    -5.46383    -5.46399 0.000548918
         657    -5.46248    -5.46398 0.000548087
         658     -5.4621    -5.46398 0.000547262
         659    -5.46269    -5.46398 0.000546435
         660    -5.46231    -5.46398 0.000545613
         661    -5.46226    -5.46397 0.000544794
         662    -5.46253    -5.46397 0.000543975
         663    -5.46215    -5.46397 0.000543162
         664     -5.4621    -5.46397 0.000542351
         665    -5.46204    -5.46396 0.000541543
         666    -5.46037    -5.46396 0.000540757
         667    -5.46032    -5.46395 0.000539974
         668    -5.45995    -5.46395 0.000539198
         669     -5.4599    -5.46394 0.000538426
         670    -5.45953    -5.46393 0.000537663
         671     -5.4598    -5.46393 0.000536897
         672    -5.46008    -5.46392 0.000536129
         673    -5.45939    -5.46392 0.000535374
         674     -5.4587    -5.46391 0.000534636
         675    -5.45834     -5.4639 0.000533907
         676    -5.45863    -5.46389 0.000533175
         677    -5.45924    -5.46389 0.000532431
         678    -5.45985    -5.46388 0.000531679
         679    -5.45917    -5.46387 0.000530941
         680    -5.45914    -5.46387 0.000530206
         681    -5.45944    -5.46386 0.000529468
         682    -5.45941    -5.46385 0.000528731
         683    -5.45939    -5.46385 0.000527998
         684    -5.45905    -5.46384 0.000527272
         685    -5.45903    -5.46383 0.000526549
         686    -5.45902    -5.46382 0.000525828
         687    -5.45901    -5.46382  0.00052511
         688    -5.45965    -5.46381 0.000524382
         689    -5.45932    -5.46381 0.000523661
         690    -5.45834     -5.4638 0.000522962
         691    -5.45802    -5.46379 0.000522272
         692    -5.45802    -5.46378 0.000521584
         693    -5.45868    -5.46377 0.000520883
         694    -5.45901    -5.46377 0.000520178
         695    -5.45935    -5.46376 0.000519468
         696    -5.45969    -5.46375 0.000518755
         697    -5.45906    -5.46375 0.000518054
         698     -5.4594    -5.46374 0.000517349
         699    -5.45975    -5.46374 0.000516641
         700    -5.45945    -5.46373 0.000515939
         701    -5.45948    -5.46372 0.000515239
         702     -5.4595    -5.46372  0.00051454
         703    -5.45921    -5.46371 0.000513848
         704    -5.45859     -5.4637  0.00051317
         705    -5.45895     -5.4637 0.000512486
         706    -5.45866    -5.46369  0.00051181
         707    -5.45934    -5.46368 0.000511123
         708    -5.46003    -5.46368 0.000510427
         709    -5.46007    -5.46367 0.000509732
         710    -5.45978    -5.46367 0.000509044
         711    -5.45982    -5.46366 0.000508357
         712    -5.45986    -5.46366 0.000507671
         713    -5.45989    -5.46365 0.000506986
         714    -5.46025    -5.46365 0.000506299
         715    -5.46029    -5.46364 0.000505612
         716    -5.46033    -5.46364 0.000504927
         717    -5.46004    -5.46363 0.000504248
         718    -5.46007    -5.46363  0.00050357
         719    -5.45978    -5.46362 0.000502898
         720    -5.46046    -5.46362 0.000502219
         721    -5.46081    -5.46361 0.000501537
         722    -5.46052    -5.46361 0.000500861
         723    -5.46087    -5.46361 0.000500183
         724    -5.46025     -5.4636 0.000499513
         725    -5.45995     -5.4636  0.00049885
         726      -5.459    -5.46359 0.000498203
         727    -5.45934    -5.46358 0.000497552
         728    -5.45968    -5.46358 0.000496897
         729    -5.45872    -5.46357  0.00049626
         730    -5.45874    -5.46357 0.000495625
         731    -5.45875    -5.46356  0.00049499
         732    -5.45875    -5.46355 0.000494358
         733    -5.45876    -5.46355 0.000493727
         734    -5.45876    -5.46354 0.000493097
         735    -5.45843    -5.46353 0.000492475
         736    -5.45843    -5.46353 0.000491855
         737    -5.45907    -5.46352 0.000491224
         738    -5.45907    -5.46351 0.000490596
         739    -5.45874    -5.46351 0.000489975
         740    -5.45872     -5.4635 0.000489355
         741    -5.45806    -5.46349  0.00048875
         742    -5.45805    -5.46349 0.000488146
         743    -5.45835    -5.46348 0.000487538
         744    -5.45736    -5.46347 0.000486952
         745    -5.45734    -5.46346 0.000486368
         746    -5.45732    -5.46345 0.000485786
         747    -5.45762    -5.46345 0.000485198
         748    -5.45759    -5.46344 0.000484613
         749    -5.45822    -5.46343 0.000484016
         750    -5.45819    -5.46342 0.000483421
         751    -5.45816    -5.46342 0.000482828
         752    -5.45748    -5.46341  0.00048225
         753    -5.45713     -5.4634 0.000481682
         754     -5.4571    -5.46339 0.000481116
         755    -5.45739    -5.46338 0.000480544
         756    -5.45736    -5.46338 0.000479975
         757    -5.45668    -5.46337 0.000479423
         758    -5.45664    -5.46336 0.000478872
         759    -5.45694    -5.46335 0.000478316
         760     -5.4569    -5.46334 0.000477762
         761    -5.45655    -5.46333 0.000477217
         762    -5.45652    -5.46332 0.000476675
         763    -5.45649    -5.46332 0.000476135
         764    -5.45646    -5.46331 0.000475596
         765    -5.45675     -5.4633 0.000475051
         766    -5.45672    -5.46329 0.000474509
         767    -5.45669    -5.46328 0.000473968
         768    -5.45634    -5.46327 0.000473437
         769    -5.45664    -5.46326   0.0004729
         770    -5.45629    -5.46325 0.000472373
         771    -5.45626    -5.46324 0.000471847
         772    -5.45624    -5.46324 0.000471323
         773    -5.45622    -5.46323 0.000470801
         774     -5.4562    -5.46322  0.00047028
         775    -5.45619    -5.46321  0.00046976
         776    -5.45585     -5.4632 0.000469251
         777    -5.45616    -5.46319 0.000468734
         778    -5.45583    -5.46318 0.000468227
         779    -5.45582    -5.46317 0.000467721
         780    -5.45647    -5.46316 0.000467201
         781    -5.45646    -5.46315 0.000466681
         782    -5.45646    -5.46315 0.000466163
         783    -5.45614    -5.46314 0.000465653
         784    -5.45583    -5.46313 0.000465153
         785    -5.45648    -5.46312 0.000464637
         786    -5.45649    -5.46311 0.000464122
         787     -5.4565     -5.4631 0.000463609
         788    -5.45684    -5.46309 0.000463088
         789    -5.45718    -5.46309 0.000462562
         790    -5.45688    -5.46308 0.000462043
         791    -5.45723    -5.46307 0.000461518
         792    -5.45726    -5.46306 0.000460994
         793    -5.45826    -5.46306 0.000460452
         794    -5.45829    -5.46305 0.000459912
         795    -5.45865    -5.46305 0.000459366
         796    -5.45869    -5.46304 0.000458822
         797    -5.45808    -5.46303 0.000458289
         798    -5.45877    -5.46303 0.000457745
         799    -5.45882    -5.46302 0.000457203
         800    -5.45887    -5.46302 0.000456661
         801     -5.4586    -5.46301 0.000456124
         802    -5.45801    -5.46301 0.000455598
         803    -5.45774      -5.463 0.000455078
         804     -5.4578    -5.46299 0.000454558
         805    -5.45818    -5.46299 0.000454032
         806     -5.4589    -5.46298 0.000453498
         807    -5.45929    -5.46298 0.000452959
         808    -5.46033    -5.46298  0.00045241
         809    -5.45975    -5.46297 0.000451868
         810    -5.45951    -5.46297 0.000451331
         811    -5.45958    -5.46296 0.000450793
         812    -5.46063    -5.46296 0.000450247
         813    -5.46071    -5.46296 0.000449702
         814    -5.46048    -5.46295  0.00044916
         815    -5.46088    -5.46295 0.000448616
         816    -5.46065    -5.46295 0.000448075
         817    -5.46041    -5.46295 0.000447537
         818    -5.46083    -5.46294 0.000446998
         819    -5.46189    -5.46294 0.000446454
         820    -5.46198    -5.46294 0.000445911
         821    -5.46208    -5.46294 0.000445369
         822     -5.4625    -5.46294 0.000444828
         823    -5.46259    -5.46294 0.000444287
         824    -5.46269    -5.46294 0.000443748
         825    -5.46246    -5.46294 0.000443211
         826    -5.46223    -5.46294 0.000442675
         827    -5.46265    -5.46294  0.00044214
         828    -5.46275    -5.46294 0.000441606
         829    -5.46382    -5.46294 0.000441074
         830    -5.46392    -5.46294 0.000440545
         831    -5.46466    -5.46294 0.000440019
         832    -5.46443    -5.46294 0.000439494
         833    -5.46421    -5.46294 0.000438969
         834    -5.46463    -5.46295 0.000438447
         835    -5.46504    -5.46295  0.00043793
         836    -5.46546    -5.46295 0.000437416
         837    -5.46523    -5.46295 0.000436902
         838    -5.46532    -5.46296  0.00043639
         839    -5.46606    -5.46296 0.000435885
         840    -5.46614    -5.46296 0.000435383
         841    -5.46655    -5.46297 0.000434886
         842    -5.46598    -5.46297 0.000434384
         843    -5.46638    -5.46298 0.000433888
         844    -5.46613    -5.46298  0.00043339
         845    -5.46653    -5.46298 0.000432897
         846    -5.46595    -5.46299   0.0004324
         847    -5.46666    -5.46299 0.000431911
         848    -5.46673      -5.463 0.000431424
         849    -5.46646      -5.463 0.000430935
         850    -5.46652      -5.463 0.000430448
         851    -5.46657    -5.46301 0.000429963
         852    -5.46661    -5.46301 0.000429479
         853      -5.466    -5.46302 0.000428989
         854    -5.46539    -5.46302 0.000428496
         855    -5.46543    -5.46302 0.000428004
         856    -5.46643    -5.46303 0.000427523
         857    -5.46581    -5.46303 0.000427036
         858    -5.46551    -5.46303 0.000426548
         859    -5.46552    -5.46304 0.000426062
         860    -5.46553    -5.46304 0.000425576
         861    -5.46522    -5.46304 0.000425089
         862    -5.46522    -5.46304 0.000424604
         863    -5.46457    -5.46304 0.000424115
         864    -5.46489    -5.46305  0.00042363
         865    -5.46488    -5.46305 0.000423145
         866    -5.46519    -5.46305 0.000422664
         867    -5.46517    -5.46305 0.000422184
         868    -5.46547    -5.46306 0.000421706
         869    -5.46545    -5.46306  0.00042123
         870    -5.46574    -5.46306 0.000420757
         871    -5.46603    -5.46307 0.000420288
         872      -5.466    -5.46307 0.000419819
         873    -5.46596    -5.46307 0.000419352
         874    -5.46495    -5.46307 0.000418877
         875    -5.46459    -5.46308 0.000418402
         876    -5.46454    -5.46308 0.000417928
         877    -5.46417    -5.46308 0.000417453
         878    -5.46477    -5.46308 0.000416982
         879    -5.46504    -5.46308 0.000416514
         880    -5.46467    -5.46309 0.000416044
         881    -5.46494    -5.46309 0.000415577
         882    -5.46553    -5.46309 0.000415115
         883    -5.46515    -5.46309 0.000414652
         884    -5.46541     -5.4631 0.000414191
         885    -5.46535     -5.4631 0.000413731
         886    -5.46497     -5.4631 0.000413269
         887    -5.46491     -5.4631 0.000412808
         888    -5.46388     -5.4631 0.000412344
         889    -5.46349     -5.4631 0.000411881
         890    -5.46343     -5.4631 0.000411418
         891    -5.46369     -5.4631 0.000410957
         892    -5.46363     -5.4631 0.000410497
         893    -5.46356    -5.46311 0.000410037
         894     -5.4635    -5.46311 0.000409579
         895    -5.46344    -5.46311 0.000409121
         896    -5.46273    -5.46311 0.000408665
         897    -5.46299    -5.46311  0.00040821
         898    -5.46228     -5.4631 0.000407756
         899    -5.46189     -5.4631 0.000407305
         900     -5.4628     -5.4631 0.000406852
         901    -5.46242     -5.4631 0.000406401
         902    -5.46301     -5.4631 0.000405951
         903    -5.46295     -5.4631 0.000405501
         904    -5.46256     -5.4631 0.000405053
         905    -5.46283     -5.4631 0.000404606
         906    -5.46277     -5.4631 0.000404159
         907    -5.46304     -5.4631 0.000403714
         908    -5.46298     -5.4631 0.000403269
         909    -5.46325     -5.4631 0.000402826
         910    -5.46255     -5.4631 0.000402383
         911     -5.4625     -5.4631 0.000401942
         912    -5.46244     -5.4631 0.000401502
         913    -5.46272     -5.4631 0.000401063
         914    -5.46299     -5.4631 0.000400624
         915    -5.46262     -5.4631 0.000400186
         916     -5.4629     -5.4631 0.000399749
         917    -5.46285     -5.4631 0.000399314
         918    -5.46281     -5.4631 0.000398879
         919    -5.46244     -5.4631 0.000398445
         920    -5.46175    -5.46309 0.000398015
         921    -5.46171    -5.46309 0.000397586
         922    -5.46167    -5.46309 0.000397157
         923    -5.46164    -5.46309  0.00039673
         924    -5.46225    -5.46309 0.000396302
         925    -5.46222    -5.46309 0.000395875
         926    -5.46219    -5.46309 0.000395448
         927    -5.46216    -5.46309 0.000395023
         928    -5.46148    -5.46308 0.000394601
         929    -5.46145    -5.46308  0.00039418
         930    -5.46143    -5.46308  0.00039376
         931    -5.46108    -5.46308 0.000393343
         932    -5.46139    -5.46308 0.000392925
         933    -5.46169    -5.46308 0.000392507
         934    -5.46167    -5.46307  0.00039209
         935    -5.46166    -5.46307 0.000391673
         936    -5.46164    -5.46307 0.000391258
         937    -5.46163    -5.46307 0.000390843
         938     -5.4613    -5.46307 0.000390431
         939    -5.46097    -5.46307 0.000390022
         940    -5.46161    -5.46306  0.00038961
         941    -5.46192    -5.46306 0.000389198
         942    -5.46127    -5.46306 0.000388789
         943    -5.46159    -5.46306  0.00038838
         944    -5.46095    -5.46306 0.000387975
         945    -5.46127    -5.46306 0.000387569
         946     -5.4616    -5.46305 0.000387162
         947    -5.46225    -5.46305 0.000386755
         948     -5.4616    -5.46305  0.00038635
         949    -5.46129    -5.46305 0.000385947
         950    -5.46097    -5.46305 0.000385547
         951     -5.4613    -5.46305 0.000385146
         952    -5.46099    -5.46304 0.000384747
         953    -5.46164    -5.46304 0.000384347
         954    -5.46003    -5.46304 0.000383957
         955    -5.45972    -5.46304  0.00038357
         956    -5.45908    -5.46303 0.000383191
         957    -5.45909    -5.46303 0.000382813
         958    -5.45878    -5.46302 0.000382439
         959    -5.45879    -5.46302 0.000382066
         960    -5.45912    -5.46301 0.000381689
         961    -5.45913    -5.46301 0.000381314
         962     -5.4585    -5.46301 0.000380946
         963    -5.45851      -5.463 0.000380579
         964    -5.45723    -5.46299 0.000380231
         965    -5.45691    -5.46299  0.00037989
         966    -5.45692    -5.46298 0.000379548
         967    -5.45758    -5.46298 0.000379197
         968    -5.45792    -5.46297 0.000378841
         969     -5.4589    -5.46297 0.000378473
         970    -5.45858    -5.46296  0.00037811
         971    -5.45892    -5.46296 0.000377744
         972    -5.45925    -5.46295 0.000377374
         973    -5.45926    -5.46295 0.000377006
         974    -5.45927    -5.46295 0.000376638
         975     -5.4596    -5.46294 0.000376267
         976    -5.45993    -5.46294 0.000375894
         977    -5.46026    -5.46294 0.000375519
         978    -5.45994    -5.46293 0.000375148
         979    -5.45995    -5.46293 0.000374777
         980    -5.45963    -5.46293  0.00037441
         981    -5.45996    -5.46293  0.00037404
         982    -5.45996    -5.46292 0.000373672
         983    -5.45997    -5.46292 0.000373304
         984    -5.45965    -5.46292 0.000372939
         985    -5.45868    -5.46291 0.000372585
         986    -5.45869    -5.46291 0.000372232
         987    -5.45837     -5.4629 0.000371883
         988    -5.45837     -5.4629 0.000371535
         989    -5.45805    -5.46289 0.000371192
         990    -5.45774    -5.46289 0.000370854
         991    -5.45774    -5.46288 0.000370516
         992    -5.45742    -5.46288 0.000370183
         993    -5.45743    -5.46287 0.000369851
         994    -5.45711    -5.46287 0.000369524
         995    -5.45679    -5.46286 0.000369203
         996    -5.45648    -5.46285 0.000368888
         997    -5.45649    -5.46285 0.000368573
         998     -5.4565    -5.46284 0.000368259
         999    -5.45683    -5.46283  0.00036794
        1000    -5.45652    -5.46283 0.000367626
