           1    -7.85023    -7.85023           0
           2    -7.84957     -7.8499 0.000236139
           3    -7.84845    -7.84942 0.000423884
           4     -7.8469    -7.84879 0.000631365
           5     -7.8449    -7.84801 0.000859497
           6    -7.84246    -7.84708  0.00110722
           7    -7.83958    -7.84601   0.0013733
           8    -7.83626    -7.84479  0.00165664
           9    -7.83218    -7.84339  0.00197872
          10    -7.82798    -7.84185  0.00230404
          11    -7.82335    -7.84017  0.00263798
          12    -7.81699    -7.83824  0.00304425
          13    -7.81085    -7.83613  0.00346327
          14    -7.80363    -7.83381  0.00391752
          15    -7.79566    -7.83127  0.00440527
          16    -7.78629    -7.82845  0.00494596
          17    -7.77651     -7.8254  0.00551871
          18    -7.76631    -7.82212  0.00611104
          19    -7.75665    -7.81867  0.00669054
          20    -7.74561    -7.81502  0.00728538
          21    -7.73318    -7.81112  0.00791248
          22     -7.7213    -7.80704  0.00854142
          23    -7.70836    -7.80275  0.00918451
          24    -7.69631    -7.79831  0.00981438
          25    -7.68416    -7.79375     0.01043
          26     -7.6716    -7.78905   0.0110363
          27    -7.65766    -7.78418   0.0116511
          28    -7.64396    -7.77917   0.0122642
          29     -7.6305    -7.77405   0.0128683
          30    -7.61664     -7.7688   0.0134667
          31    -7.60075    -7.76338   0.0140811
          32    -7.58609    -7.75784   0.0146906
          33    -7.57136    -7.75219   0.0152937
          34    -7.55656    -7.74643   0.0158894
          35    -7.54137    -7.74058   0.0164802
          36    -7.52645    -7.73463   0.0170621
          37    -7.50985    -7.72855   0.0176494
          38    -7.49288    -7.72235   0.0182421
          39    -7.47456      -7.716   0.0188483
          40    -7.45686    -7.70952   0.0194586
          41    -7.43881    -7.70292    0.020073
          42    -7.42072     -7.6962   0.0206891
          43    -7.40229    -7.68936   0.0213071
          44    -7.38417    -7.68243   0.0219227
          45     -7.3654    -7.67538   0.0225391
          46    -7.34566    -7.66821   0.0231608
          47    -7.32594    -7.66093   0.0237854
          48    -7.30655    -7.65355   0.0244088
          49     -7.2859    -7.64604   0.0250373
          50    -7.26627    -7.63845   0.0256628
          51    -7.24474    -7.63073   0.0262951
          52    -7.22327    -7.62289   0.0269317
          53    -7.20284    -7.61497   0.0275651
          54    -7.18185    -7.60695   0.0281974
          55    -7.16031    -7.59883   0.0288303
          56    -7.13856    -7.59061   0.0294637
          57    -7.11629    -7.58229    0.030099
          58    -7.09415    -7.57387   0.0307342
          59    -7.07184    -7.56536   0.0313691
          60    -7.04872    -7.55675   0.0320062
          61    -7.02677    -7.54806   0.0326395
          62    -7.00468     -7.5393   0.0332689
          63    -6.98217    -7.53045   0.0338958
          64    -6.95891    -7.52152   0.0345226
          65    -6.93558    -7.51251   0.0351487
          66    -6.91253    -7.50342   0.0357724
          67    -6.88878    -7.49425   0.0363957
          68    -6.86567      -7.485   0.0370158
          69    -6.84288     -7.4757   0.0376309
          70    -6.82011    -7.46633    0.038241
          71    -6.79706     -7.4569   0.0388468
          72    -6.77439    -7.44742   0.0394469
          73    -6.75083    -7.43788   0.0400441
          74    -6.72834    -7.42829   0.0406347
          75     -6.7063    -7.41867   0.0412174
          76    -6.68439    -7.40901   0.0417921
          77    -6.66265    -7.39931   0.0423585
          78    -6.64076    -7.38959   0.0429173
          79    -6.61972    -7.37984   0.0434664
          80    -6.59859    -7.37008   0.0440064
          81    -6.57769    -7.36029   0.0445372
          82    -6.55674    -7.35049   0.0450592
          83    -6.53606    -7.34068   0.0455722
          84    -6.51601    -7.33086   0.0460751
          85    -6.49596    -7.32104   0.0465682
          86    -6.47624    -7.31122   0.0470514
          87    -6.45721     -7.3014   0.0475235
          88    -6.43854     -7.2916   0.0479843
          89    -6.42027    -7.28181   0.0484336
          90     -6.4024    -7.27204   0.0488712
          91    -6.38495    -7.26229   0.0492968
          92    -6.36762    -7.25256   0.0497109
          93    -6.35073    -7.24287   0.0501132
          94    -6.33463     -7.2332    0.050503
          95    -6.31804    -7.22357   0.0508818
          96    -6.30258    -7.21398   0.0512483
          97    -6.28794    -7.20443   0.0516015
          98     -6.2738    -7.19493   0.0519414
          99    -6.26018    -7.18549   0.0522679
         100    -6.24741    -7.17611   0.0525803
         101    -6.23451    -7.16679   0.0528797
         102    -6.22248    -7.15753   0.0531655
         103    -6.21098    -7.14834   0.0534377
         104    -6.20035    -7.13923   0.0536957
         105    -6.18995    -7.13018     0.05394
         106    -6.18009    -7.12122   0.0541707
         107    -6.17045    -7.11234   0.0543883
         108    -6.16168    -7.10353   0.0545924
         109    -6.15346    -7.09482   0.0547829
         110    -6.14546    -7.08619   0.0549605
         111    -6.13833    -7.07765   0.0551248
         112    -6.13206     -7.0692   0.0552754
         113    -6.12567    -7.06085   0.0554133
         114    -6.11981     -7.0526   0.0555386
         115    -6.11479    -7.04445   0.0556512
         116    -6.11062    -7.03639   0.0557506
         117    -6.10662    -7.02845   0.0558376
         118    -6.10313    -7.02061   0.0559124
         119    -6.10012    -7.01287    0.055975
         120    -6.09792    -7.00525   0.0560254
         121    -6.09555    -6.99773   0.0560646
         122    -6.09395    -6.99032   0.0560923
         123    -6.09248    -6.98302   0.0561092
         124    -6.09178    -6.97583   0.0561152
         125    -6.09182    -6.96876   0.0561101
         126    -6.09195     -6.9618   0.0560947
         127    -6.09281    -6.95496   0.0560688
         128    -6.09374    -6.94823    0.056033
         129    -6.09471    -6.94162   0.0559879
         130    -6.09638    -6.93511   0.0559335
         131    -6.09839    -6.92873     0.05587
         132    -6.10106    -6.92246   0.0557975
         133    -6.10438    -6.91631   0.0557159
         134    -6.10737    -6.91027   0.0556262
         135    -6.11032    -6.90434   0.0555289
         136    -6.11389    -6.89853   0.0554239
         137    -6.11772    -6.89283   0.0553116
         138    -6.12149    -6.88724   0.0551925
         139    -6.12582    -6.88176   0.0550666
         140    -6.13038     -6.8764   0.0549342
         141    -6.13484    -6.87114   0.0547958
         142     -6.1395    -6.86599   0.0546516
         143    -6.14467    -6.86094   0.0545017
         144     -6.1497      -6.856   0.0543466
         145    -6.15523    -6.85117   0.0541862
         146    -6.16026    -6.84644   0.0540213
         147     -6.1664    -6.84181   0.0538516
         148    -6.17203    -6.83729   0.0536775
         149    -6.17811    -6.83286   0.0534993
         150    -6.18332    -6.82853   0.0533176
         151    -6.18993     -6.8243   0.0531319
         152    -6.19662    -6.82017   0.0529426
         153    -6.20275    -6.81614   0.0527501
         154    -6.20926     -6.8122   0.0525546
         155    -6.21616    -6.80835    0.052356
         156    -6.22311     -6.8046   0.0521547
         157    -6.22978    -6.80094   0.0519508
         158    -6.23648    -6.79737   0.0517447
         159    -6.24321    -6.79388   0.0515365
         160    -6.25027    -6.79048   0.0513263
         161    -6.25702    -6.78717   0.0511143
         162    -6.26377    -6.78394   0.0509008
         163    -6.27084    -6.78079   0.0506858
         164    -6.27757    -6.77772   0.0504695
         165    -6.28428    -6.77473   0.0502521
         166    -6.29097    -6.77182   0.0500339
         167    -6.29762    -6.76898   0.0498148
         168    -6.30457    -6.76621   0.0495949
         169    -6.31082    -6.76352   0.0493746
         170    -6.31736    -6.76089   0.0491538
         171    -6.32319    -6.75833    0.048933
         172    -6.32962    -6.75584   0.0487119
         173    -6.33598    -6.75342   0.0484908
         174    -6.34293    -6.75106   0.0482694
         175    -6.34916    -6.74876   0.0480482
         176    -6.35532    -6.74652   0.0478272
         177    -6.36173    -6.74435   0.0476064
         178    -6.36741    -6.74223    0.047386
         179    -6.37333    -6.74017   0.0471661
         180    -6.37917    -6.73817   0.0469466
         181     -6.3846    -6.73621   0.0467279
         182    -6.39026    -6.73431   0.0465098
         183    -6.39583    -6.73246   0.0462924
         184    -6.40195    -6.73067   0.0460757
         185    -6.40764    -6.72892   0.0458597
         186    -6.41227    -6.72722   0.0456447
         187    -6.41809    -6.72556   0.0454305
         188    -6.42348    -6.72396   0.0452173
         189    -6.42812    -6.72239   0.0450051
         190     -6.4333    -6.72087    0.044794
         191     -6.4374    -6.71939    0.044584
         192    -6.44236    -6.71794   0.0443752
         193    -6.44688    -6.71654   0.0441675
         194    -6.45129    -6.71517   0.0439609
         195     -6.4559    -6.71384   0.0437556
         196     -6.4604    -6.71255   0.0435515
         197    -6.46445    -6.71129   0.0433486
         198    -6.46806    -6.71006   0.0431471
         199    -6.47219    -6.70887   0.0429468
         200    -6.47587     -6.7077   0.0427479
         201    -6.47943    -6.70657   0.0425503
         202    -6.48287    -6.70546    0.042354
         203    -6.48585    -6.70438   0.0421592
         204    -6.48935    -6.70332   0.0419657
         205    -6.49272    -6.70229   0.0417736
         206    -6.49564    -6.70129   0.0415828
         207    -6.49778    -6.70031   0.0413936
         208    -6.50043    -6.69935   0.0412057
         209    -6.50393    -6.69841   0.0410192
         210    -6.50632     -6.6975    0.040834
         211    -6.50858     -6.6966   0.0406503
         212    -6.51102    -6.69573    0.040468
         213    -6.51301    -6.69487   0.0402871
         214    -6.51518    -6.69403   0.0401076
         215     -6.5169    -6.69321   0.0399295
         216    -6.51848     -6.6924   0.0397529
         217     -6.5196     -6.6916   0.0395776
         218    -6.52027    -6.69081   0.0394039
         219    -6.52177    -6.69004   0.0392315
         220    -6.52217    -6.68928   0.0390606
         221    -6.52211    -6.68852   0.0388912
         222    -6.52289    -6.68778   0.0387232
         223    -6.52323    -6.68704   0.0385566
         224    -6.52343    -6.68631   0.0383913
         225    -6.52415    -6.68559   0.0382275
         226    -6.52443    -6.68488    0.038065
         227    -6.52458    -6.68417   0.0379038
         228    -6.52428    -6.68347   0.0377441
         229    -6.52387    -6.68277   0.0375857
         230    -6.52399    -6.68208   0.0374286
         231    -6.52367    -6.68139   0.0372729
         232    -6.52291    -6.68071   0.0371185
         233    -6.52302    -6.68003   0.0369653
         234     -6.5227    -6.67936   0.0368135
         235    -6.52163    -6.67869   0.0366629
         236    -6.52112    -6.67802   0.0365137
         237    -6.51954    -6.67735   0.0363657
         238    -6.51787    -6.67668   0.0362191
         239    -6.51676    -6.67602   0.0360737
         240    -6.51525    -6.67535   0.0359297
         241    -6.51366    -6.67467   0.0357868
         242    -6.51265    -6.67401   0.0356452
         243     -6.5106    -6.67333   0.0355049
         244    -6.50914    -6.67266   0.0353657
         245    -6.50698    -6.67198   0.0352278
         246    -6.50541    -6.67131   0.0350912
         247    -6.50445    -6.67063   0.0349556
         248    -6.50345    -6.66996   0.0348211
         249    -6.50176    -6.66928   0.0346878
         250    -6.50005     -6.6686   0.0345557
         251    -6.49864    -6.66793   0.0344247
         252    -6.49688    -6.66725   0.0342947
         253    -6.49512    -6.66657   0.0341659
         254    -6.49335    -6.66589   0.0340382
         255    -6.49189     -6.6652   0.0339116
         256    -6.49013    -6.66452    0.033786
         257    -6.48837    -6.66383   0.0336615
         258    -6.48728    -6.66315    0.033538
         259    -6.48556    -6.66246   0.0334155
         260    -6.48386    -6.66178    0.033294
         261    -6.48253    -6.66109   0.0331736
         262    -6.48025     -6.6604   0.0330541
         263    -6.47899    -6.65971   0.0329356
         264    -6.47778    -6.65902   0.0328181
         265    -6.47661    -6.65833   0.0327015
         266     -6.4755    -6.65765   0.0325858
         267    -6.47478    -6.65696   0.0324709
         268    -6.47347    -6.65628    0.032357
         269     -6.4719    -6.65559   0.0322439
         270    -6.47073    -6.65491   0.0321318
         271    -6.46931    -6.65422   0.0320205
         272    -6.46861    -6.65354   0.0319101
         273      -6.468    -6.65286   0.0318004
         274    -6.46682    -6.65218   0.0316916
         275    -6.46573     -6.6515   0.0315836
         276    -6.46472    -6.65083   0.0314764
         277    -6.46478    -6.65015     0.03137
         278    -6.46429    -6.64949   0.0312642
         279    -6.46389    -6.64882   0.0311593
         280    -6.46358    -6.64816    0.031055
         281     -6.4637     -6.6475   0.0309514
         282    -6.46326    -6.64685   0.0308486
         283    -6.46325     -6.6462   0.0307464
         284    -6.46334    -6.64556   0.0306449
         285    -6.46352    -6.64492    0.030544
         286     -6.4638    -6.64428   0.0304437
         287    -6.46386    -6.64366   0.0303442
         288    -6.46402    -6.64303   0.0302452
         289    -6.46363    -6.64241   0.0301469
         290    -6.46431     -6.6418   0.0300492
         291    -6.46541    -6.64119   0.0299521
         292    -6.46596    -6.64059   0.0298555
         293    -6.46661       -6.64   0.0297595
         294    -6.46735    -6.63941   0.0296641
         295    -6.46883    -6.63883   0.0295692
         296    -6.46944    -6.63826   0.0294748
         297    -6.47078     -6.6377    0.029381
         298    -6.47253    -6.63714   0.0292876
         299    -6.47405     -6.6366   0.0291947
         300    -6.47532    -6.63606   0.0291024
         301    -6.47732    -6.63553   0.0290104
         302     -6.4794    -6.63501    0.028919
         303    -6.48189    -6.63451    0.028828
         304     -6.4838    -6.63401   0.0287374
         305    -6.48578    -6.63353   0.0286473
         306    -6.48783    -6.63305   0.0285576
         307    -6.48994    -6.63258   0.0284684
         308    -6.49244    -6.63213   0.0283796
         309    -6.49468    -6.63168   0.0282913
         310    -6.49665    -6.63125   0.0282033
         311      -6.499    -6.63082   0.0281159
         312    -6.50173    -6.63041   0.0280288
         313     -6.5045    -6.63001   0.0279421
         314      -6.507    -6.62962   0.0278559
         315    -6.50889    -6.62923   0.0277701
         316    -6.51115    -6.62886   0.0276847
         317    -6.51376     -6.6285   0.0275998
         318    -6.51607    -6.62814   0.0275153
         319    -6.51874     -6.6278   0.0274311
         320    -6.52144    -6.62747   0.0273474
         321    -6.52415    -6.62715   0.0272641
         322    -6.52721    -6.62683   0.0271812
         323     -6.5306    -6.62654   0.0270987
         324    -6.53335    -6.62625   0.0270166
         325    -6.53547    -6.62597   0.0269349
         326    -6.53823     -6.6257   0.0268536
         327    -6.54099    -6.62544   0.0267728
         328    -6.54374    -6.62519   0.0266923
         329    -6.54681    -6.62495   0.0266122
         330    -6.54955    -6.62473   0.0265326
         331    -6.55291    -6.62451   0.0264533
         332    -6.55658     -6.6243   0.0263744
         333    -6.55958    -6.62411   0.0262959
         334    -6.56222    -6.62392   0.0262178
         335    -6.56516    -6.62375   0.0261402
         336    -6.56774    -6.62358   0.0260629
         337    -6.56995    -6.62342    0.025986
         338    -6.57244    -6.62327   0.0259096
         339    -6.57456    -6.62313   0.0258336
         340    -6.57728    -6.62299   0.0257579
         341    -6.57993    -6.62287   0.0256827
         342    -6.58254    -6.62275   0.0256079
         343    -6.58475    -6.62264   0.0255335
         344     -6.5869    -6.62254   0.0254595
         345    -6.58931    -6.62244   0.0253858
         346      -6.591    -6.62235   0.0253126
         347    -6.59326    -6.62226   0.0252398
         348    -6.59544    -6.62219   0.0251674
         349    -6.59754    -6.62212   0.0250954
         350    -6.59858    -6.62205   0.0250238
         351    -6.59987    -6.62199   0.0249526
         352    -6.60139    -6.62193   0.0248818
         353     -6.6038    -6.62188   0.0248113
         354    -6.60482    -6.62183   0.0247413
         355    -6.60608    -6.62178   0.0246716
         356    -6.60692    -6.62174   0.0246024
         357    -6.60768     -6.6217   0.0245335
         358    -6.60899    -6.62167    0.024465
         359     -6.6102    -6.62163   0.0243968
         360    -6.61101    -6.62161   0.0243291
         361    -6.61205    -6.62158   0.0242617
         362    -6.61333    -6.62156   0.0241947
         363    -6.61355    -6.62153   0.0241281
         364    -6.61401    -6.62151   0.0240618
         365    -6.61472    -6.62149   0.0239959
         366    -6.61535    -6.62148   0.0239303
         367    -6.61558    -6.62146   0.0238651
         368    -6.61574    -6.62145   0.0238003
         369    -6.61616    -6.62143   0.0237358
         370    -6.61619    -6.62142   0.0236716
         371    -6.61584     -6.6214   0.0236078
         372    -6.61577    -6.62139   0.0235444
         373    -6.61564    -6.62137   0.0234813
         374    -6.61516    -6.62136   0.0234185
         375    -6.61529    -6.62134    0.023356
         376    -6.61474    -6.62132   0.0232939
         377    -6.61449     -6.6213   0.0232321
         378     -6.6139    -6.62128   0.0231707
         379    -6.61396    -6.62126   0.0231096
         380    -6.61336    -6.62124   0.0230488
         381    -6.61277    -6.62122   0.0229883
         382    -6.61219     -6.6212   0.0229281
         383    -6.61196    -6.62117   0.0228683
         384    -6.61143    -6.62115   0.0228087
         385    -6.61125    -6.62112   0.0227495
         386     -6.6108     -6.6211   0.0226906
         387    -6.61071    -6.62107   0.0226319
         388    -6.61003    -6.62104   0.0225736
         389    -6.60973    -6.62101   0.0225156
         390    -6.61048    -6.62098   0.0224579
         391    -6.61064    -6.62096   0.0224005
         392    -6.61121    -6.62093   0.0223434
         393    -6.61186    -6.62091   0.0222865
         394    -6.61195    -6.62089     0.02223
         395    -6.61245    -6.62087   0.0221737
         396    -6.61273    -6.62085   0.0221177
         397    -6.61374    -6.62083    0.022062
         398    -6.61454    -6.62081   0.0220066
         399    -6.61608     -6.6208   0.0219514
         400    -6.61707    -6.62079   0.0218966
         401    -6.61882    -6.62079   0.0218419
         402    -6.62003    -6.62078   0.0217876
         403    -6.62069    -6.62078   0.0217336
         404     -6.6221    -6.62079   0.0216798
         405    -6.62328    -6.62079   0.0216262
         406    -6.62554    -6.62081    0.021573
         407    -6.62789    -6.62082     0.02152
         408    -6.62969    -6.62084   0.0214672
         409    -6.63222    -6.62087   0.0214148
         410    -6.63386     -6.6209   0.0213626
         411    -6.63592    -6.62094   0.0213106
         412    -6.63804    -6.62098   0.0212589
         413    -6.64056    -6.62103   0.0212075
         414     -6.6425    -6.62108   0.0211563
         415     -6.6458    -6.62114   0.0211054
         416    -6.64753     -6.6212   0.0210548
         417    -6.64963    -6.62127   0.0210044
         418    -6.65146    -6.62134   0.0209543
         419    -6.65364    -6.62142   0.0209044
         420    -6.65651    -6.62151   0.0208548
         421    -6.65908    -6.62159   0.0208055
         422    -6.66166    -6.62169   0.0207564
         423    -6.66394    -6.62179   0.0207076
         424    -6.66558    -6.62189    0.020659
         425    -6.66787      -6.622   0.0206107
         426    -6.66983    -6.62211   0.0205626
         427    -6.67243    -6.62223   0.0205148
         428     -6.6747    -6.62235   0.0204672
         429    -6.67792    -6.62248   0.0204199
         430    -6.68047    -6.62262   0.0203729
         431      -6.683    -6.62276   0.0203261
         432    -6.68549     -6.6229   0.0202795
         433    -6.68795    -6.62305   0.0202333
         434    -6.69037    -6.62321   0.0201872
         435    -6.69405    -6.62337   0.0201415
         436    -6.69671    -6.62354    0.020096
         437    -6.69933    -6.62371   0.0200507
         438    -6.70124    -6.62389   0.0200058
         439    -6.70343    -6.62407    0.019961
         440    -6.70621    -6.62426   0.0199165
         441    -6.70667    -6.62444   0.0198722
         442    -6.70868    -6.62464   0.0198282
         443    -6.71031    -6.62483   0.0197844
         444    -6.71123    -6.62502   0.0197408
         445    -6.71306    -6.62522   0.0196974
         446     -6.7145    -6.62542   0.0196542
         447    -6.71587    -6.62562   0.0196113
         448    -6.71782    -6.62583   0.0195686
         449    -6.71971    -6.62604   0.0195262
         450    -6.72055    -6.62625   0.0194839
         451    -6.72197    -6.62646   0.0194418
         452      -6.723    -6.62667      0.0194
         453     -6.7246    -6.62689   0.0193584
         454    -6.72581    -6.62711    0.019317
         455    -6.72727    -6.62733   0.0192758
         456    -6.72801    -6.62755   0.0192348
         457      -6.729    -6.62777    0.019194
         458    -6.72992    -6.62799   0.0191533
         459    -6.73011    -6.62822   0.0191129
         460    -6.73056    -6.62844   0.0190727
         461    -6.73159    -6.62866   0.0190326
         462    -6.73286    -6.62889   0.0189927
         463    -6.73406    -6.62912   0.0189531
         464    -6.73454    -6.62934   0.0189136
         465    -6.73528    -6.62957   0.0188743
         466    -6.73496     -6.6298   0.0188351
         467    -6.73522    -6.63002   0.0187962
         468    -6.73444    -6.63025   0.0187573
         469    -6.73488    -6.63047   0.0187186
         470    -6.73492    -6.63069   0.0186801
         471    -6.73489    -6.63091   0.0186418
         472    -6.73447    -6.63113   0.0186036
         473     -6.7343    -6.63135   0.0185655
         474    -6.73535    -6.63157   0.0185277
         475    -6.73536    -6.63179   0.0184899
         476    -6.73466      -6.632   0.0184524
         477    -6.73389    -6.63222   0.0184149
         478    -6.73304    -6.63243   0.0183776
         479    -6.73246    -6.63264   0.0183404
         480    -6.73212    -6.63284   0.0183034
         481     -6.7314    -6.63305   0.0182665
         482    -6.73159    -6.63325   0.0182297
         483    -6.73074    -6.63346   0.0181931
         484    -6.72982    -6.63365   0.0181566
         485    -6.72885    -6.63385   0.0181202
         486    -6.72814    -6.63404    0.018084
         487    -6.72704    -6.63424   0.0180478
         488    -6.72654    -6.63443   0.0180119
         489    -6.72533    -6.63461    0.017976
         490    -6.72375    -6.63479   0.0179402
         491    -6.72244    -6.63497   0.0179046
         492    -6.72076    -6.63515    0.017869
         493    -6.71936    -6.63532   0.0178336
         494    -6.71792    -6.63548   0.0177983
         495    -6.71644    -6.63565   0.0177631
         496    -6.71427    -6.63581    0.017728
         497    -6.71207    -6.63596    0.017693
         498    -6.71114    -6.63611   0.0176581
         499    -6.70954    -6.63626   0.0176233
         500    -6.70823     -6.6364   0.0175886
         501    -6.70626    -6.63654   0.0175541
         502    -6.70428    -6.63668   0.0175196
         503    -6.70228    -6.63681   0.0174853
         504    -6.70092    -6.63693   0.0174511
         505    -6.69988    -6.63706    0.017417
         506    -6.69853    -6.63718    0.017383
         507    -6.69718     -6.6373   0.0173491
         508    -6.69519    -6.63741   0.0173153
         509    -6.69386    -6.63752   0.0172816
         510    -6.69256    -6.63763   0.0172481
         511    -6.69096    -6.63773   0.0172146
         512    -6.68906    -6.63784   0.0171813
         513    -6.68784    -6.63793   0.0171481
         514    -6.68634    -6.63803    0.017115
         515    -6.68487    -6.63812    0.017082
         516    -6.68411    -6.63821   0.0170491
         517    -6.68177    -6.63829   0.0170164
         518    -6.68014    -6.63837   0.0169837
         519    -6.67825    -6.63845   0.0169512
         520    -6.67772    -6.63852   0.0169187
         521    -6.67628     -6.6386   0.0168864
         522    -6.67459    -6.63867   0.0168542
         523    -6.67363    -6.63873   0.0168221
         524    -6.67242     -6.6388   0.0167901
         525    -6.67161    -6.63886   0.0167583
         526    -6.67122    -6.63892   0.0167265
         527    -6.67026    -6.63898   0.0166949
         528    -6.66972    -6.63904   0.0166634
         529    -6.66928     -6.6391    0.016632
         530    -6.66925    -6.63915   0.0166007
         531      -6.669    -6.63921   0.0165695
         532    -6.66917    -6.63927   0.0165385
         533     -6.6688    -6.63932   0.0165075
         534    -6.66917    -6.63938   0.0164767
         535    -6.66965    -6.63943    0.016446
         536    -6.66959    -6.63949   0.0164154
         537    -6.66963    -6.63955   0.0163849
         538    -6.67042     -6.6396   0.0163546
         539    -6.67132    -6.63966   0.0163244
         540      -6.672    -6.63972   0.0162942
         541    -6.67279    -6.63978   0.0162642
         542    -6.67303    -6.63984   0.0162343
         543    -6.67402    -6.63991   0.0162046
         544    -6.67511    -6.63997   0.0161749
         545     -6.6763    -6.64004   0.0161454
         546    -6.67694    -6.64011   0.0161159
         547    -6.67865    -6.64018   0.0160866
         548    -6.68077    -6.64025   0.0160574
         549    -6.68234    -6.64033   0.0160284
         550    -6.68367    -6.64041   0.0159994
         551    -6.68606    -6.64049   0.0159706
         552    -6.68788    -6.64057   0.0159419
         553    -6.69043    -6.64066   0.0159133
         554    -6.69305    -6.64076   0.0158849
         555    -6.69446    -6.64086   0.0158566
         556     -6.6969    -6.64096   0.0158284
         557    -6.69908    -6.64106   0.0158003
         558     -6.7023    -6.64117   0.0157724
         559    -6.70492    -6.64129   0.0157446
         560    -6.70695     -6.6414   0.0157169
         561    -6.71001    -6.64152   0.0156893
         562    -6.71245    -6.64165   0.0156619
         563    -6.71559    -6.64178   0.0156347
         564    -6.71812    -6.64192   0.0156075
         565    -6.72035    -6.64206   0.0155805
         566    -6.72229     -6.6422   0.0155536
         567    -6.72523    -6.64234   0.0155269
         568    -6.72818     -6.6425   0.0155003
         569    -6.73148    -6.64265   0.0154738
         570    -6.73382    -6.64281   0.0154475
         571    -6.73616    -6.64298   0.0154213
         572    -6.73852    -6.64314   0.0153953
         573     -6.7412    -6.64331   0.0153694
         574    -6.74355    -6.64349   0.0153436
         575     -6.7459    -6.64367   0.0153179
         576    -6.74888    -6.64385   0.0152924
         577    -6.75153    -6.64404   0.0152671
         578    -6.75417    -6.64423   0.0152418
         579    -6.75581    -6.64442   0.0152167
         580    -6.75874    -6.64462   0.0151918
         581    -6.76163    -6.64482   0.0151669
         582    -6.76451    -6.64502   0.0151423
         583    -6.76671    -6.64523   0.0151177
         584    -6.76855    -6.64544   0.0150933
         585      -6.771    -6.64566   0.0150691
         586    -6.77342    -6.64588   0.0150449
         587    -6.77678     -6.6461   0.0150209
         588    -6.77944    -6.64633   0.0149971
         589    -6.78239    -6.64656   0.0149734
         590    -6.78465    -6.64679   0.0149499
         591    -6.78687    -6.64703   0.0149265
         592     -6.7884    -6.64727   0.0149032
         593    -6.79084    -6.64751     0.01488
         594    -6.79163    -6.64775   0.0148569
         595    -6.79333      -6.648    0.014834
         596    -6.79564    -6.64824   0.0148111
         597    -6.79756    -6.64849   0.0147884
         598    -6.79977    -6.64875   0.0147659
         599    -6.80191      -6.649   0.0147434
         600    -6.80304    -6.64926   0.0147211
         601    -6.80411    -6.64952   0.0146989
         602    -6.80578    -6.64978   0.0146767
         603    -6.80707    -6.65004   0.0146547
         604    -6.80864     -6.6503   0.0146328
         605    -6.81047    -6.65056    0.014611
         606    -6.81193    -6.65083   0.0145893
         607    -6.81269     -6.6511   0.0145677
         608    -6.81372    -6.65136   0.0145462
         609    -6.81469    -6.65163   0.0145248
         610    -6.81562     -6.6519   0.0145035
         611    -6.81682    -6.65217   0.0144823
         612    -6.81797    -6.65244   0.0144611
         613    -6.82068    -6.65272   0.0144402
         614    -6.82141    -6.65299   0.0144192
         615     -6.8224    -6.65327   0.0143984
         616    -6.82399    -6.65354   0.0143777
         617    -6.82488    -6.65382   0.0143571
         618    -6.82605     -6.6541   0.0143366
         619    -6.82814    -6.65438   0.0143162
         620    -6.82889    -6.65466   0.0142958
         621    -6.82926    -6.65494   0.0142756
         622    -6.83023    -6.65523   0.0142554
         623     -6.8305    -6.65551   0.0142353
         624    -6.83105    -6.65579   0.0142153
         625    -6.83155    -6.65607   0.0141953
         626      -6.832    -6.65635   0.0141754
         627    -6.83239    -6.65663   0.0141556
         628    -6.83307    -6.65691   0.0141358
         629    -6.83304    -6.65719   0.0141161
         630    -6.83394    -6.65747   0.0140965
         631    -6.83382    -6.65775    0.014077
         632     -6.8343    -6.65803   0.0140575
         633     -6.8344    -6.65831    0.014038
         634     -6.8338    -6.65859   0.0140186
         635    -6.83413    -6.65886   0.0139992
         636    -6.83409    -6.65914   0.0139799
         637    -6.83464    -6.65942   0.0139607
         638    -6.83417    -6.65969   0.0139415
         639    -6.83494    -6.65996   0.0139224
         640     -6.8347    -6.66024   0.0139033
         641    -6.83473    -6.66051   0.0138843
         642    -6.83341    -6.66078   0.0138653
         643    -6.83334    -6.66105   0.0138463
         644    -6.83289    -6.66131   0.0138274
         645    -6.83174    -6.66158   0.0138085
         646    -6.83054    -6.66184   0.0137896
         647    -6.83026     -6.6621   0.0137707
         648    -6.82961    -6.66236   0.0137519
         649    -6.82954    -6.66262   0.0137331
         650    -6.82878    -6.66287   0.0137144
         651    -6.82796    -6.66312   0.0136956
         652    -6.82676    -6.66338   0.0136769
         653    -6.82616    -6.66362   0.0136583
         654    -6.82519    -6.66387   0.0136396
         655    -6.82383    -6.66412    0.013621
         656    -6.82307    -6.66436   0.0136024
         657    -6.82063     -6.6646   0.0135837
         658    -6.81911    -6.66483   0.0135651
         659    -6.81851    -6.66506   0.0135465
         660    -6.81688    -6.66529    0.013528
         661    -6.81552    -6.66552   0.0135094
         662    -6.81444    -6.66575   0.0134909
         663    -6.81265    -6.66597   0.0134724
         664    -6.81113    -6.66619   0.0134538
         665    -6.80955     -6.6664   0.0134353
         666    -6.80631    -6.66661   0.0134168
         667    -6.80464    -6.66682   0.0133983
         668    -6.80259    -6.66702   0.0133798
         669    -6.80082    -6.66722   0.0133613
         670    -6.79867    -6.66742   0.0133428
         671    -6.79713    -6.66761   0.0133243
         672    -6.79554     -6.6678   0.0133058
         673    -6.79293    -6.66799   0.0132873
         674    -6.79029    -6.66817   0.0132689
         675    -6.78793    -6.66835   0.0132504
         676    -6.78618    -6.66852   0.0132319
         677    -6.78472    -6.66869   0.0132135
         678    -6.78322    -6.66886   0.0131951
         679     -6.7804    -6.66903   0.0131767
         680    -6.77819    -6.66919   0.0131583
         681    -6.77628    -6.66934   0.0131399
         682    -6.77403     -6.6695   0.0131215
         683    -6.77174    -6.66965   0.0131032
         684    -6.76912    -6.66979   0.0130848
         685    -6.76681    -6.66993   0.0130665
         686    -6.76448    -6.67007   0.0130482
         687    -6.76214    -6.67021   0.0130299
         688    -6.76044    -6.67034   0.0130116
         689    -6.75776    -6.67046   0.0129933
         690    -6.75444    -6.67059   0.0129751
         691    -6.75176     -6.6707   0.0129568
         692    -6.74941    -6.67082   0.0129386
         693    -6.74772    -6.67093   0.0129204
         694    -6.74571    -6.67104   0.0129022
         695    -6.74372    -6.67114   0.0128841
         696    -6.74174    -6.67124    0.012866
         697     -6.7388    -6.67134   0.0128479
         698    -6.73686    -6.67143   0.0128298
         699    -6.73494    -6.67152   0.0128118
         700    -6.73239    -6.67161   0.0127938
         701     -6.7302    -6.67169   0.0127758
         702    -6.72804    -6.67177   0.0127578
         703    -6.72558    -6.67185   0.0127399
         704    -6.72284    -6.67192    0.012722
         705    -6.72109    -6.67199   0.0127042
         706    -6.71873    -6.67206   0.0126864
         707    -6.71738    -6.67212   0.0126686
         708    -6.71607    -6.67219   0.0126508
         709    -6.71415    -6.67224   0.0126331
         710    -6.71194     -6.6723   0.0126155
         711    -6.71009    -6.67235   0.0125978
         712    -6.70829     -6.6724   0.0125802
         713    -6.70651    -6.67245   0.0125627
         714     -6.7051     -6.6725   0.0125452
         715    -6.70341    -6.67254   0.0125277
         716    -6.70175    -6.67258   0.0125103
         717    -6.69979    -6.67262   0.0124929
         718     -6.6982    -6.67266   0.0124755
         719    -6.69632    -6.67269   0.0124582
         720    -6.69544    -6.67272    0.012441
         721    -6.69426    -6.67275   0.0124237
         722    -6.69247    -6.67278   0.0124066
         723    -6.69135     -6.6728   0.0123894
         724    -6.68929    -6.67283   0.0123723
         725    -6.68757    -6.67285   0.0123553
         726    -6.68523    -6.67286   0.0123383
         727     -6.6842    -6.67288   0.0123213
         728    -6.68319    -6.67289   0.0123044
         729    -6.68089     -6.6729   0.0122875
         730    -6.67958    -6.67291   0.0122707
         731    -6.67828    -6.67292   0.0122539
         732    -6.67699    -6.67293   0.0122372
         733     -6.6757    -6.67293   0.0122205
         734    -6.67441    -6.67293   0.0122038
         735     -6.6728    -6.67293   0.0121872
         736     -6.6715    -6.67293   0.0121707
         737    -6.67085    -6.67293   0.0121542
         738    -6.66955    -6.67292   0.0121377
         739    -6.66791    -6.67292   0.0121213
         740    -6.66659    -6.67291   0.0121049
         741     -6.6646     -6.6729   0.0120886
         742    -6.66325    -6.67288   0.0120723
         743     -6.6622    -6.67287    0.012056
         744    -6.65984    -6.67285   0.0120398
         745    -6.65842    -6.67283   0.0120237
         746    -6.65699    -6.67281   0.0120076
         747    -6.65585    -6.67279   0.0119916
         748    -6.65437    -6.67276   0.0119755
         749     -6.6535    -6.67274   0.0119596
         750    -6.65196    -6.67271   0.0119437
         751     -6.6504    -6.67268   0.0119278
         752    -6.64815    -6.67265    0.011912
         753     -6.6462    -6.67261   0.0118962
         754    -6.64454    -6.67257   0.0118805
         755    -6.64318    -6.67254   0.0118648
         756    -6.64145    -6.67249   0.0118492
         757    -6.63905    -6.67245   0.0118336
         758    -6.63727     -6.6724   0.0118181
         759    -6.63577    -6.67236   0.0118026
         760    -6.63392    -6.67231   0.0117872
         761    -6.63172    -6.67225   0.0117719
         762    -6.62981     -6.6722   0.0117565
         763    -6.62786    -6.67214   0.0117413
         764    -6.62589    -6.67208   0.0117261
         765    -6.62421    -6.67201   0.0117109
         766    -6.62217    -6.67195   0.0116958
         767    -6.62011    -6.67188   0.0116807
         768     -6.6177    -6.67181   0.0116657
         769     -6.6159    -6.67174   0.0116508
         770    -6.61344    -6.67166   0.0116359
         771    -6.61127    -6.67158   0.0116211
         772    -6.60909     -6.6715   0.0116063
         773    -6.60688    -6.67142   0.0115916
         774    -6.60465    -6.67133   0.0115769
         775    -6.60241    -6.67125   0.0115623
         776    -6.59983    -6.67115   0.0115478
         777    -6.59789    -6.67106   0.0115333
         778    -6.59529    -6.67096   0.0115189
         779    -6.59301    -6.67086   0.0115046
         780    -6.59137    -6.67076   0.0114903
         781    -6.58908    -6.67065    0.011476
         782     -6.5868    -6.67055   0.0114619
         783    -6.58418    -6.67044   0.0114478
         784    -6.58158    -6.67032   0.0114337
         785    -6.57995    -6.67021   0.0114197
         786    -6.57769    -6.67009   0.0114058
         787    -6.57544    -6.66997   0.0113919
         788    -6.57353    -6.66985   0.0113781
         789    -6.57164    -6.66972   0.0113644
         790    -6.56912     -6.6696   0.0113507
         791    -6.56727    -6.66947   0.0113371
         792    -6.56513    -6.66934   0.0113236
         793    -6.56399     -6.6692   0.0113101
         794     -6.5619    -6.66907   0.0112966
         795    -6.56018    -6.66893   0.0112833
         796    -6.55817    -6.66879   0.0112699
         797    -6.55556    -6.66865   0.0112567
         798    -6.55429    -6.66851   0.0112435
         799    -6.55241    -6.66836   0.0112304
         800    -6.55058    -6.66821   0.0112173
         801    -6.54849    -6.66806   0.0112043
         802    -6.54612    -6.66791   0.0111913
         803    -6.54414    -6.66776   0.0111785
         804    -6.54254     -6.6676   0.0111657
         805    -6.54132    -6.66745   0.0111529
         806     -6.5405    -6.66729   0.0111402
         807    -6.53941    -6.66713   0.0111275
         808    -6.53905    -6.66697   0.0111148
         809    -6.53714    -6.66681   0.0111023
         810    -6.53562    -6.66665   0.0110897
         811    -6.53451    -6.66649   0.0110773
         812    -6.53445    -6.66632   0.0110648
         813     -6.5335    -6.66616   0.0110524
         814    -6.53231      -6.666   0.0110401
         815    -6.53185    -6.66583   0.0110277
         816    -6.53083    -6.66567   0.0110155
         817     -6.5299     -6.6655   0.0110032
         818    -6.52971    -6.66533    0.010991
         819    -6.53026    -6.66517   0.0109788
         820    -6.52993      -6.665   0.0109667
         821    -6.52969    -6.66484   0.0109546
         822    -6.52987    -6.66467   0.0109425
         823    -6.52983    -6.66451   0.0109304
         824    -6.52988    -6.66435   0.0109184
         825     -6.5297    -6.66418   0.0109064
         826    -6.52962    -6.66402   0.0108944
         827    -6.53028    -6.66386   0.0108824
         828    -6.53072     -6.6637   0.0108704
         829    -6.53222    -6.66354   0.0108585
         830    -6.53285    -6.66338   0.0108465
         831    -6.53423    -6.66323   0.0108346
         832    -6.53473    -6.66307   0.0108227
         833    -6.53533    -6.66292   0.0108108
         834    -6.53667    -6.66277   0.0107989
         835     -6.5381    -6.66262    0.010787
         836    -6.53963    -6.66247   0.0107751
         837     -6.5406    -6.66233   0.0107632
         838    -6.54199    -6.66218   0.0107513
         839    -6.54411    -6.66204   0.0107394
         840    -6.54567     -6.6619   0.0107275
         841    -6.54763    -6.66177   0.0107156
         842    -6.54871    -6.66163   0.0107037
         843    -6.55084     -6.6615   0.0106918
         844    -6.55239    -6.66137     0.01068
         845    -6.55466    -6.66125   0.0106681
         846    -6.55603    -6.66112   0.0106562
         847    -6.55875      -6.661   0.0106443
         848     -6.5609    -6.66088   0.0106324
         849    -6.56277    -6.66077   0.0106205
         850    -6.56503    -6.66065   0.0106086
         851    -6.56734    -6.66054   0.0105967
         852    -6.56969    -6.66044   0.0105848
         853    -6.57143    -6.66033   0.0105729
         854    -6.57321    -6.66023    0.010561
         855    -6.57567    -6.66013   0.0105491
         856    -6.57914    -6.66004   0.0105372
         857    -6.58101    -6.65995   0.0105253
         858    -6.58323    -6.65986   0.0105134
         859    -6.58579    -6.65977   0.0105016
         860    -6.58835    -6.65969   0.0104897
         861     -6.5906    -6.65961   0.0104778
         862    -6.59317    -6.65953   0.0104659
         863     -6.5951    -6.65945   0.0104541
         864    -6.59799    -6.65938   0.0104422
         865    -6.60054    -6.65932   0.0104304
         866    -6.60341    -6.65925   0.0104185
         867    -6.60593    -6.65919   0.0104067
         868    -6.60876    -6.65913   0.0103948
         869    -6.61124    -6.65908    0.010383
         870    -6.61401    -6.65902   0.0103712
         871    -6.61675    -6.65898   0.0103594
         872    -6.61913    -6.65893   0.0103477
         873    -6.62148    -6.65889   0.0103359
         874    -6.62281    -6.65885   0.0103241
         875    -6.62476    -6.65881   0.0103124
         876    -6.62698    -6.65877   0.0103007
         877    -6.62882    -6.65874    0.010289
         878     -6.6316    -6.65871   0.0102773
         879    -6.63399    -6.65868   0.0102657
         880    -6.63569    -6.65865   0.0102541
         881    -6.63798    -6.65863   0.0102425
         882    -6.64054    -6.65861   0.0102309
         883    -6.64207    -6.65859   0.0102193
         884    -6.64418    -6.65857   0.0102077
         885    -6.64592    -6.65856   0.0101962
         886    -6.64727    -6.65855   0.0101847
         887    -6.64889    -6.65853   0.0101732
         888    -6.64947    -6.65852   0.0101618
         889    -6.65064    -6.65852   0.0101504
         890    -6.65207    -6.65851    0.010139
         891    -6.65375     -6.6585   0.0101276
         892    -6.65506     -6.6585   0.0101162
         893     -6.6563     -6.6585   0.0101049
         894    -6.65748     -6.6585   0.0100936
         895    -6.65859     -6.6585   0.0100823
         896    -6.65899     -6.6585   0.0100711
         897    -6.66031     -6.6585   0.0100598
         898    -6.66059     -6.6585   0.0100486
         899    -6.66113     -6.6585   0.0100375
         900     -6.6629    -6.65851   0.0100263
         901    -6.66332    -6.65851   0.0100152
         902    -6.66465    -6.65852   0.0100041
         903    -6.66528    -6.65853  0.00999301
         904    -6.66552    -6.65854  0.00998196
         905    -6.66635    -6.65854  0.00997093
         906     -6.6668    -6.65855  0.00995993
         907    -6.66751    -6.65856  0.00994895
         908    -6.66785    -6.65857    0.009938
         909    -6.66845    -6.65858  0.00992707
         910    -6.66803    -6.65859  0.00991617
         911     -6.6682    -6.65861  0.00990529
         912    -6.66832    -6.65862  0.00989444
         913    -6.66872    -6.65863  0.00988361
         914    -6.66906    -6.65864   0.0098728
         915    -6.66871    -6.65865  0.00986201
         916    -6.66896    -6.65866  0.00985125
         917    -6.66884    -6.65867  0.00984052
         918    -6.66868    -6.65868   0.0098298
         919    -6.66815    -6.65869  0.00981911
         920    -6.66726     -6.6587  0.00980844
         921    -6.66697    -6.65871   0.0097978
         922    -6.66665    -6.65872  0.00978718
         923    -6.66629    -6.65873  0.00977658
         924    -6.66654    -6.65874    0.009766
         925    -6.66611    -6.65874  0.00975544
         926    -6.66565    -6.65875  0.00974491
         927    -6.66516    -6.65876   0.0097344
         928      -6.664    -6.65876  0.00972391
         929    -6.66346    -6.65877  0.00971345
         930    -6.66289    -6.65877  0.00970301
         931    -6.66198    -6.65878  0.00969258
         932    -6.66169    -6.65878  0.00968218
         933    -6.66139    -6.65878  0.00967181
         934    -6.66074    -6.65879  0.00966145
         935    -6.66008    -6.65879  0.00965112
         936     -6.6594    -6.65879  0.00964081
         937    -6.65872    -6.65879  0.00963052
         938     -6.6577    -6.65879  0.00962025
         939    -6.65667    -6.65878  0.00961001
         940    -6.65661    -6.65878  0.00959978
         941    -6.65621    -6.65878  0.00958958
         942    -6.65484    -6.65877   0.0095794
         943    -6.65444    -6.65877  0.00956925
         944    -6.65307    -6.65876  0.00955911
         945    -6.65267    -6.65876    0.009549
         946    -6.65228    -6.65875  0.00953891
         947    -6.65221    -6.65874  0.00952884
         948    -6.65084    -6.65874  0.00951879
         949    -6.64981    -6.65873  0.00950876
         950    -6.64879    -6.65872  0.00949876
         951    -6.64842    -6.65871  0.00948878
         952    -6.64741    -6.65869  0.00947882
         953    -6.64738    -6.65868  0.00946888
         954     -6.6451    -6.65867  0.00945896
         955    -6.64412    -6.65865  0.00944907
         956    -6.64283    -6.65864   0.0094392
         957     -6.6422    -6.65862  0.00942935
         958    -6.64125     -6.6586  0.00941953
         959    -6.64064    -6.65858  0.00940973
         960    -6.64036    -6.65856  0.00939994
         961    -6.63976    -6.65854  0.00939018
         962    -6.63854    -6.65852  0.00938044
         963    -6.63797     -6.6585  0.00937073
         964    -6.63612    -6.65848  0.00936103
         965    -6.63525    -6.65845  0.00935137
         966    -6.63471    -6.65843  0.00934172
         967    -6.63483     -6.6584  0.00933209
         968    -6.63464    -6.65838  0.00932248
         969    -6.63511    -6.65836  0.00931289
         970    -6.63429    -6.65833  0.00930332
         971    -6.63413    -6.65831  0.00929377
         972    -6.63397    -6.65828  0.00928425
         973     -6.6335    -6.65826  0.00927474
         974    -6.63304    -6.65823  0.00926525
         975    -6.63292     -6.6582  0.00925579
         976    -6.63279    -6.65818  0.00924634
         977    -6.63268    -6.65815  0.00923691
         978    -6.63192    -6.65812  0.00922751
         979    -6.63149     -6.6581  0.00921812
         980    -6.63074    -6.65807  0.00920876
         981    -6.63065    -6.65804  0.00919941
         982    -6.63024    -6.65801  0.00919009
         983    -6.62983    -6.65798  0.00918078
         984     -6.6291    -6.65796   0.0091715
         985    -6.62773    -6.65792  0.00916224
         986    -6.62734    -6.65789    0.009153
         987    -6.62663    -6.65786  0.00914378
         988    -6.62625    -6.65783  0.00913458
         989    -6.62555     -6.6578  0.00912541
         990    -6.62485    -6.65776  0.00911625
         991    -6.62449    -6.65773  0.00910711
         992     -6.6238     -6.6577    0.009098
         993    -6.62345    -6.65766   0.0090889
         994    -6.62278    -6.65763  0.00907982
         995    -6.62212    -6.65759  0.00907077
         996    -6.62146    -6.65755  0.00906173
         997    -6.62114    -6.65752  0.00905272
         998    -6.62083    -6.65748  0.00904372
         999    -6.62085    -6.65744  0.00903474
        1000    -6.62024    -6.65741  0.00902579
