           1      1.5407      1.5407           0
           2     1.54055     1.54063 5.25055e-05
           3     1.54011     1.54045 0.000145653
           4     1.53936     1.54018 0.000259594
           5     1.53833     1.53981 0.000391111
           6       1.537     1.53934 0.000538087
           7     1.53537     1.53877 0.000699012
           8     1.53345     1.53811 0.000872734
           9     1.53124     1.53734  0.00105834
          10     1.52873     1.53648  0.00125502
          11     1.52593     1.53552  0.00146213
          12     1.52285     1.53447  0.00167916
          13     1.51947     1.53331  0.00190556
          14     1.51581     1.53206  0.00214082
          15     1.51186     1.53072  0.00238455
          16     1.50762     1.52927  0.00263638
          17     1.50311     1.52773  0.00289594
          18     1.49831      1.5261  0.00316289
          19     1.49324     1.52437  0.00343698
          20     1.48788     1.52255  0.00371799
          21     1.48224     1.52063  0.00400576
          22     1.47633     1.51861  0.00430005
          23     1.47014      1.5165  0.00460068
          24     1.46367      1.5143  0.00490748
          25     1.45693     1.51201  0.00522029
          26     1.44991     1.50962    0.005539
          27     1.44262     1.50714  0.00586348
          28     1.43505     1.50456  0.00619358
          29     1.42721      1.5019  0.00652917
          30      1.4191     1.49914  0.00687011
          31     1.41072     1.49628  0.00721627
          32     1.40208     1.49334   0.0075675
          33     1.39317      1.4903  0.00792366
          34     1.38399     1.48718  0.00828462
          35     1.37456     1.48396  0.00865025
          36     1.36486     1.48065  0.00902041
          37     1.35492     1.47725  0.00939496
          38     1.34471     1.47377  0.00977376
          39     1.33426     1.47019   0.0101567
          40     1.32356     1.46652   0.0105435
          41     1.31263     1.46277   0.0109341
          42     1.30145     1.45893   0.0113283
          43     1.29004       1.455    0.011726
          44     1.27841     1.45099   0.0121269
          45     1.26654     1.44689    0.012531
          46     1.25446     1.44271    0.012938
          47     1.24216     1.43844   0.0133477
          48     1.22966     1.43409   0.0137601
          49     1.21695     1.42966   0.0141749
          50     1.20405     1.42515   0.0145918
          51     1.19096     1.42055   0.0150109
          52     1.17769     1.41588   0.0154317
          53     1.16424     1.41114   0.0158542
          54     1.15062     1.40631    0.016278
          55     1.13685     1.40141   0.0167031
          56     1.12292     1.39644   0.0171292
          57     1.10885     1.39139    0.017556
          58     1.09465     1.38628   0.0179834
          59     1.08032     1.38109   0.0184111
          60     1.06588     1.37584   0.0188389
          61     1.05133     1.37052   0.0192665
          62      1.0367     1.36513   0.0196937
          63     1.02197     1.35969   0.0201203
          64     1.00718     1.35418    0.020546
          65    0.992325     1.34861   0.0209706
          66    0.977421     1.34299   0.0213937
          67    0.962481     1.33731   0.0218152
          68    0.947517     1.33158   0.0222347
          69    0.932541     1.32579   0.0226521
          70    0.917565     1.31996    0.023067
          71    0.902603     1.31408   0.0234791
          72    0.887667     1.30816   0.0238883
          73     0.87277      1.3022   0.0242942
          74    0.857927     1.29619   0.0246966
          75    0.843151     1.29015   0.0250952
          76    0.828455     1.28408   0.0254897
          77    0.813852     1.27797   0.0258798
          78    0.799357     1.27183   0.0262654
          79    0.784983     1.26567   0.0266461
          80    0.770744     1.25948   0.0270217
          81    0.756654     1.25328   0.0273919
          82    0.742725     1.24705   0.0277564
          83     0.72897     1.24081   0.0281151
          84    0.715404     1.23455   0.0284676
          85    0.702038     1.22829   0.0288139
          86    0.688885     1.22202   0.0291535
          87    0.675958     1.21574   0.0294863
          88    0.663267     1.20946   0.0298121
          89    0.650826     1.20319   0.0301306
          90    0.638644     1.19691   0.0304418
          91    0.626732     1.19065   0.0307453
          92    0.615101     1.18439   0.0310411
          93    0.603761     1.17815   0.0313289
          94     0.59272     1.17192   0.0316086
          95    0.581989     1.16571     0.03188
          96    0.571573     1.15952    0.032143
          97    0.561482     1.15336   0.0323976
          98    0.551722     1.14722   0.0326435
          99    0.542299     1.14111   0.0328806
         100    0.533219     1.13503    0.033109
         101    0.524488     1.12898   0.0333284
         102    0.516109     1.12297   0.0335389
         103    0.508086       1.117   0.0337404
         104    0.500423     1.11108   0.0339329
         105    0.493121     1.10519   0.0341162
         106    0.486182     1.09935   0.0342905
         107    0.479608     1.09356   0.0344558
         108    0.473399     1.08782   0.0346119
         109    0.467555     1.08213    0.034759
         110    0.462075     1.07649   0.0348971
         111    0.456958     1.07091   0.0350262
         112    0.452201     1.06538   0.0351464
         113    0.447803     1.05992   0.0352577
         114     0.44376     1.05451   0.0353603
         115    0.440069     1.04917   0.0354542
         116    0.436725     1.04389   0.0355395
         117    0.433725     1.03868   0.0356163
         118    0.431063     1.03353   0.0356847
         119    0.428733     1.02844    0.035745
         120    0.426729     1.02343   0.0357971
         121    0.425046     1.01848   0.0358412
         122    0.423677     1.01361   0.0358775
         123    0.422614      1.0088   0.0359061
         124     0.42185     1.00407   0.0359272
         125    0.421378    0.999409   0.0359409
         126     0.42119     0.99482   0.0359474
         127    0.421279    0.990304   0.0359469
         128    0.421635    0.985861   0.0359396
         129     0.42225    0.981492   0.0359256
         130    0.423117    0.977197   0.0359051
         131    0.424225    0.972976   0.0358783
         132    0.425567    0.968829   0.0358453
         133    0.427133    0.964756   0.0358065
         134    0.428914    0.960757   0.0357618
         135    0.430903    0.956832   0.0357117
         136    0.433089    0.952981   0.0356561
         137    0.435464    0.949204   0.0355954
         138    0.438019      0.9455   0.0355297
         139    0.440745    0.941868   0.0354591
         140    0.443632    0.938309    0.035384
         141    0.446673    0.934823   0.0353044
         142    0.449859    0.931407   0.0352206
         143    0.453182    0.928063   0.0351327
         144    0.456632    0.924789   0.0350409
         145    0.460202    0.921585   0.0349455
         146    0.463884     0.91845   0.0348464
         147    0.467669    0.915384   0.0347441
         148     0.47155    0.912385   0.0346385
         149    0.475519    0.909453   0.0345299
         150    0.479567    0.906587   0.0344184
         151    0.483689    0.903786   0.0343042
         152    0.487877     0.90105   0.0341875
         153    0.492124    0.898377   0.0340684
         154    0.496423    0.895767    0.033947
         155    0.500768    0.893219   0.0338235
         156    0.505152    0.890731    0.033698
         157    0.509569    0.888303   0.0335707
         158    0.514014    0.885935   0.0334417
         159     0.51848    0.883624   0.0333112
         160    0.522962    0.881369   0.0331791
         161    0.527456    0.879171   0.0330458
         162    0.531955    0.877028   0.0329112
         163    0.536454    0.874938   0.0327756
         164     0.54095    0.872902   0.0326389
         165    0.545437    0.870917   0.0325014
         166    0.549912    0.868984   0.0323631
         167     0.55437      0.8671   0.0322241
         168    0.558807    0.865265   0.0320845
         169    0.563221    0.863477   0.0319444
         170    0.567607    0.861737   0.0318039
         171    0.571963    0.860042    0.031663
         172    0.576283    0.858393   0.0315218
         173    0.580567    0.856787   0.0313805
         174     0.58481    0.855224   0.0312391
         175     0.58901    0.853702   0.0310976
         176    0.593165    0.852222   0.0309561
         177    0.597271    0.850782   0.0308147
         178    0.601326     0.84938   0.0306734
         179    0.605329    0.848017   0.0305324
         180    0.609278     0.84669   0.0303915
         181     0.61317      0.8454    0.030251
         182    0.617004    0.844145   0.0301108
         183    0.620777    0.842925    0.029971
         184    0.624489    0.841738   0.0298316
         185    0.628137    0.840583   0.0296927
         186     0.63172     0.83946   0.0295543
         187    0.635236    0.838368   0.0294164
         188    0.638684    0.837306   0.0292791
         189    0.642063    0.836273   0.0291424
         190     0.64537    0.835268   0.0290063
         191    0.648607    0.834291   0.0288709
         192    0.651771     0.83334   0.0287362
         193    0.654861    0.832415   0.0286022
         194    0.657876    0.831516   0.0284689
         195    0.660814     0.83064   0.0283364
         196    0.663674    0.829788   0.0282046
         197    0.666455    0.828959   0.0280736
         198    0.669157    0.828152   0.0279434
         199    0.671777    0.827366   0.0278141
         200    0.674316    0.826601   0.0276855
         201    0.676772    0.825856   0.0275578
         202    0.679145    0.825129   0.0274309
         203    0.681435    0.824422    0.027305
         204    0.683639    0.823731   0.0271798
         205    0.685757    0.823058   0.0270556
         206    0.687789    0.822402   0.0269322
         207    0.689734    0.821761   0.0268097
         208    0.691592    0.821135   0.0266881
         209    0.693362    0.820524   0.0265674
         210    0.695044    0.819926   0.0264476
         211    0.696637    0.819342   0.0263288
         212    0.698142     0.81877   0.0262108
         213    0.699556     0.81821   0.0260937
         214     0.70088    0.817662   0.0259775
         215    0.702114    0.817125   0.0258622
         216    0.703258    0.816598   0.0257479
         217    0.704312     0.81608   0.0256344
         218    0.705276    0.815572   0.0255219
         219     0.70615    0.815072   0.0254102
         220    0.706936    0.814581   0.0252995
         221    0.707633    0.814097   0.0251896
         222    0.708243     0.81362   0.0250807
         223    0.708767     0.81315   0.0249726
         224    0.709203    0.812686   0.0248654
         225    0.709555    0.812227   0.0247592
         226    0.709822    0.811774   0.0246537
         227    0.710005    0.811326   0.0245492
         228    0.710105    0.810882   0.0244456
         229    0.710125    0.810442   0.0243428
         230    0.710065    0.810006   0.0242408
         231    0.709928    0.809572   0.0241398
         232    0.709715    0.809142   0.0240396
         233    0.709427    0.808714   0.0239402
         234    0.709067    0.808288   0.0238417
         235    0.708639    0.807864    0.023744
         236    0.708144    0.807442   0.0236471
         237    0.707584     0.80702   0.0235511
         238    0.706962      0.8066   0.0234559
         239    0.706281     0.80618   0.0233615
         240    0.705543    0.805761    0.023268
         241    0.704752    0.805342   0.0231752
         242     0.70391    0.804922   0.0230832
         243    0.703021    0.804503    0.022992
         244    0.702087    0.804083   0.0229016
         245    0.701112    0.803663    0.022812
         246    0.700101    0.803242   0.0227232
         247    0.699056     0.80282   0.0226351
         248    0.697982    0.802398   0.0225477
         249    0.696883    0.801974   0.0224612
         250    0.695761    0.801549   0.0223753
         251    0.694619    0.801123   0.0222903
         252    0.693462    0.800696   0.0222059
         253    0.692293    0.800267   0.0221223
         254    0.691117    0.799838   0.0220393
         255    0.689935    0.799407   0.0219571
         256    0.688753    0.798974   0.0218756
         257    0.687574    0.798541   0.0217948
         258    0.686404    0.798106   0.0217146
         259    0.685244     0.79767   0.0216352
         260    0.684098    0.797234   0.0215564
         261    0.682969    0.796796   0.0214782
         262    0.681861    0.796357   0.0214007
         263    0.680776    0.795918   0.0213239
         264     0.67972    0.795478   0.0212476
         265    0.678696    0.795037    0.021172
         266    0.677704    0.794596    0.021097
         267     0.67675    0.794154   0.0210226
         268    0.675835    0.793713   0.0209488
         269    0.674962    0.793271   0.0208756
         270    0.674134     0.79283   0.0208029
         271    0.673353    0.792389   0.0207308
         272    0.672621    0.791949   0.0206593
         273    0.671941    0.791509   0.0205883
         274    0.671315    0.791071   0.0205178
         275    0.670745    0.790633   0.0204479
         276    0.670233    0.790197   0.0203785
         277     0.66978    0.789762   0.0203095
         278    0.669388    0.789329   0.0202411
         279    0.669058    0.788898   0.0201731
         280    0.668792    0.788469   0.0201056
         281    0.668588    0.788043   0.0200386
         282    0.668449    0.787618    0.019972
         283    0.668375    0.787197   0.0199059
         284    0.668366    0.786779   0.0198402
         285    0.668423    0.786363    0.019775
         286    0.668546    0.785951   0.0197101
         287    0.668734    0.785543   0.0196457
         288    0.668989    0.785138   0.0195816
         289    0.669311    0.784738    0.019518
         290    0.669698    0.784341   0.0194547
         291    0.670151    0.783948   0.0193918
         292    0.670669    0.783561   0.0193293
         293    0.671252    0.783177   0.0192671
         294    0.671898    0.782799   0.0192053
         295    0.672609    0.782425   0.0191438
         296    0.673382    0.782057   0.0190827
         297    0.674216    0.781694   0.0190219
         298    0.675111    0.781336   0.0189614
         299    0.676064    0.780984   0.0189013
         300    0.677073    0.780638   0.0188414
         301    0.678138    0.780297   0.0187819
         302    0.679258    0.779962   0.0187227
         303    0.680429    0.779634   0.0186638
         304    0.681652    0.779312   0.0186052
         305    0.682925    0.778996   0.0185469
         306    0.684245    0.778686   0.0184888
         307    0.685612    0.778383   0.0184311
         308    0.687022    0.778086   0.0183736
         309    0.688474    0.777796   0.0183165
         310    0.689966    0.777513   0.0182596
         311    0.691496    0.777236   0.0182029
         312    0.693063    0.776967   0.0181466
         313    0.694664    0.776704   0.0180905
         314    0.696298    0.776448   0.0180347
         315    0.697962    0.776198   0.0179792
         316    0.699655    0.775956   0.0179239
         317    0.701372    0.775721   0.0178689
         318    0.703113    0.775493   0.0178142
         319    0.704874    0.775271   0.0177597
         320    0.706654    0.775057   0.0177055
         321     0.70845    0.774849   0.0176516
         322    0.710259    0.774649   0.0175979
         323     0.71208    0.774455   0.0175445
         324     0.71391    0.774268   0.0174913
         325    0.715746    0.774088   0.0174384
         326    0.717586    0.773915   0.0173858
         327    0.719427    0.773748   0.0173334
         328    0.721268    0.773588   0.0172813
         329    0.723104    0.773435   0.0172295
         330    0.724935    0.773288   0.0171779
         331    0.726758    0.773147   0.0171266
         332    0.728569    0.773013   0.0170755
         333    0.730367    0.772885   0.0170247
         334    0.732149    0.772763   0.0169742
         335    0.733913    0.772647   0.0169239
         336    0.735655    0.772537   0.0168739
         337    0.737372    0.772432   0.0168242
         338    0.739062    0.772334   0.0167747
         339    0.740723     0.77224   0.0167255
         340    0.742351    0.772152   0.0166765
         341    0.743945     0.77207   0.0166278
         342    0.745503    0.771992   0.0165794
         343     0.74702    0.771919   0.0165312
         344    0.748497    0.771851   0.0164833
         345    0.749931    0.771788   0.0164356
         346     0.75132    0.771728   0.0163882
         347     0.75266    0.771674   0.0163411
         348    0.753951    0.771623   0.0162942
         349    0.755189    0.771575   0.0162476
         350    0.756373    0.771532   0.0162012
         351    0.757502    0.771492   0.0161551
         352    0.758575    0.771455   0.0161093
         353     0.75959    0.771422   0.0160637
         354    0.760547    0.771391   0.0160183
         355    0.761446    0.771363   0.0159732
         356    0.762285    0.771338   0.0159284
         357    0.763063    0.771314   0.0158838
         358    0.763781    0.771293   0.0158394
         359    0.764437    0.771274   0.0157953
         360    0.765034    0.771257   0.0157514
         361     0.76557    0.771241   0.0157078
         362    0.766047    0.771227   0.0156644
         363    0.766467    0.771214   0.0156213
         364    0.766831    0.771202   0.0155784
         365     0.76714    0.771191   0.0155357
         366    0.767395     0.77118   0.0154932
         367    0.767599     0.77117    0.015451
         368    0.767753    0.771161    0.015409
         369     0.76786    0.771152   0.0153673
         370    0.767923    0.771143   0.0153258
         371    0.767945    0.771135   0.0152845
         372    0.767929    0.771126   0.0152434
         373    0.767879    0.771117   0.0152025
         374    0.767799    0.771109   0.0151619
         375     0.76769    0.771099   0.0151214
         376    0.767559     0.77109   0.0150812
         377    0.767409     0.77108   0.0150412
         378    0.767245     0.77107   0.0150014
         379    0.767071     0.77106   0.0149618
         380    0.766891    0.771049   0.0149225
         381     0.76671    0.771037   0.0148833
         382    0.766532    0.771025   0.0148444
         383    0.766363    0.771013   0.0148056
         384    0.766207    0.771001   0.0147671
         385    0.766068    0.770988   0.0147287
         386    0.765952    0.770975   0.0146906
         387    0.765863    0.770962   0.0146526
         388    0.765806    0.770948   0.0146148
         389    0.765785    0.770935   0.0145773
         390    0.765804    0.770922   0.0145399
         391    0.765867    0.770909   0.0145027
         392    0.765978    0.770896   0.0144657
         393    0.766141    0.770884   0.0144289
         394    0.766358    0.770873   0.0143923
         395    0.766634    0.770862   0.0143559
         396     0.76697    0.770852   0.0143196
         397    0.767369    0.770844   0.0142836
         398    0.767832    0.770836   0.0142477
         399     0.76836     0.77083    0.014212
         400    0.768956    0.770825   0.0141764
         401    0.769621    0.770822   0.0141411
         402    0.770355    0.770821   0.0141059
         403    0.771159    0.770822   0.0140709
         404    0.772031    0.770825   0.0140361
         405    0.772971     0.77083   0.0140014
         406    0.773977    0.770838   0.0139669
         407    0.775048    0.770848   0.0139326
         408    0.776183    0.770861   0.0138985
         409    0.777381    0.770877   0.0138645
         410    0.778637    0.770896   0.0138307
         411    0.779951    0.770918   0.0137971
         412    0.781318    0.770943   0.0137636
         413    0.782735    0.770972   0.0137303
         414      0.7842    0.771004   0.0136972
         415    0.785707    0.771039   0.0136642
         416    0.787256    0.771078   0.0136314
         417    0.788842    0.771121   0.0135988
         418    0.790461    0.771167   0.0135664
         419    0.792109    0.771217   0.0135341
         420    0.793782    0.771271    0.013502
         421    0.795476    0.771328     0.01347
         422    0.797187     0.77139   0.0134382
         423    0.798911    0.771455   0.0134066
         424    0.800644    0.771524   0.0133752
         425    0.802383    0.771596   0.0133439
         426    0.804125    0.771673   0.0133128
         427    0.805865    0.771753   0.0132819
         428    0.807601    0.771836   0.0132511
         429    0.809328    0.771924   0.0132205
         430    0.811043    0.772015   0.0131901
         431    0.812744    0.772109   0.0131598
         432    0.814427    0.772207   0.0131297
         433    0.816089    0.772309   0.0130998
         434    0.817729    0.772413     0.01307
         435    0.819344    0.772521   0.0130404
         436    0.820932    0.772632    0.013011
         437    0.822491    0.772746   0.0129817
         438    0.824018    0.772863   0.0129526
         439    0.825512    0.772983   0.0129236
         440     0.82697    0.773106   0.0128948
         441    0.828391    0.773231   0.0128662
         442    0.829775    0.773359   0.0128377
         443    0.831118     0.77349   0.0128094
         444    0.832421    0.773622   0.0127813
         445    0.833682    0.773757   0.0127532
         446      0.8349    0.773894   0.0127254
         447    0.836074    0.774033   0.0126977
         448    0.837204    0.774174   0.0126701
         449    0.838291    0.774317   0.0126427
         450    0.839332    0.774462   0.0126154
         451    0.840327    0.774608   0.0125883
         452    0.841275    0.774755   0.0125613
         453    0.842175    0.774904   0.0125345
         454    0.843028    0.775054   0.0125078
         455    0.843832    0.775205   0.0124812
         456     0.84459    0.775357   0.0124547
         457    0.845299     0.77551   0.0124284
         458    0.845959    0.775664   0.0124022
         459    0.846572    0.775819   0.0123762
         460    0.847135    0.775974   0.0123503
         461    0.847649    0.776129   0.0123244
         462    0.848116    0.776285   0.0122988
         463    0.848534    0.776441   0.0122732
         464    0.848904    0.776597   0.0122477
         465    0.849225    0.776754   0.0122224
         466    0.849497     0.77691   0.0121971
         467     0.84972    0.777066    0.012172
         468    0.849893    0.777221    0.012147
         469    0.850019    0.777376   0.0121221
         470    0.850096    0.777531   0.0120973
         471    0.850125    0.777685   0.0120726
         472    0.850106    0.777839    0.012048
         473    0.850039    0.777991   0.0120235
         474    0.849926    0.778143   0.0119991
         475    0.849764    0.778294   0.0119748
         476    0.849557    0.778444   0.0119505
         477    0.849303    0.778592   0.0119264
         478    0.849002    0.778739   0.0119024
         479    0.848656    0.778885   0.0118784
         480    0.848265     0.77903   0.0118546
         481    0.847828    0.779173   0.0118308
         482    0.847347    0.779314   0.0118071
         483    0.846823    0.779454   0.0117835
         484    0.846256    0.779592   0.0117599
         485    0.845647    0.779728   0.0117365
         486    0.844996    0.779863   0.0117131
         487    0.844305    0.779995   0.0116898
         488    0.843576    0.780125   0.0116665
         489    0.842809    0.780253   0.0116434
         490    0.842005    0.780379   0.0116203
         491    0.841166    0.780503   0.0115973
         492    0.840294    0.780625   0.0115744
         493     0.83939    0.780744   0.0115515
         494    0.838456    0.780861   0.0115287
         495    0.837495    0.780975    0.011506
         496    0.836508    0.781087   0.0114833
         497    0.835496    0.781197   0.0114608
         498    0.834463    0.781304   0.0114382
         499    0.833411    0.781408   0.0114158
         500     0.83234     0.78151   0.0113934
         501    0.831255    0.781609   0.0113711
         502    0.830158    0.781706   0.0113489
         503     0.82905      0.7818   0.0113267
         504    0.827934    0.781892   0.0113046
         505    0.826813    0.781981   0.0112826
         506     0.82569    0.782067   0.0112606
         507     0.82457    0.782151   0.0112387
         508    0.823454    0.782232   0.0112169
         509    0.822345    0.782311   0.0111951
         510    0.821247    0.782387   0.0111734
         511    0.820162    0.782461   0.0111518
         512    0.819093    0.782533   0.0111302
         513    0.818043    0.782602   0.0111088
         514    0.817015    0.782669   0.0110873
         515    0.816013    0.782734    0.011066
         516    0.815039    0.782796   0.0110447
         517    0.814096    0.782857   0.0110235
         518    0.813188    0.782915   0.0110024
         519    0.812318    0.782972   0.0109814
         520    0.811488    0.783027   0.0109604
         521    0.810701     0.78308   0.0109395
         522    0.809959    0.783131   0.0109186
         523    0.809265    0.783181   0.0108979
         524    0.808621     0.78323   0.0108772
         525     0.80803    0.783277   0.0108566
         526    0.807493    0.783323    0.010836
         527    0.807013    0.783368   0.0108156
         528    0.806593    0.783412   0.0107952
         529    0.806234    0.783455   0.0107748
         530    0.805937    0.783498   0.0107546
         531    0.805704     0.78354   0.0107344
         532    0.805536    0.783581   0.0107143
         533    0.805435    0.783622   0.0106943
         534    0.805401    0.783663   0.0106744
         535    0.805436    0.783703   0.0106545
         536     0.80554    0.783744   0.0106347
         537    0.805713    0.783785    0.010615
         538    0.805957    0.783826   0.0105953
         539    0.806271    0.783868   0.0105757
         540    0.806655     0.78391   0.0105562
         541    0.807109    0.783953   0.0105368
         542    0.807631    0.783997   0.0105175
         543    0.808223    0.784041   0.0104982
         544    0.808883    0.784087    0.010479
         545     0.80961    0.784134   0.0104599
         546    0.810404    0.784182   0.0104408
         547    0.811262    0.784231   0.0104218
         548    0.812185    0.784282   0.0104029
         549    0.813169    0.784335   0.0103841
         550    0.814214    0.784389   0.0103654
         551    0.815316    0.784445   0.0103467
         552    0.816476    0.784503   0.0103281
         553     0.81769    0.784563   0.0103096
         554    0.818958    0.784626   0.0102912
         555    0.820276     0.78469   0.0102729
         556    0.821643    0.784756   0.0102546
         557    0.823056    0.784825   0.0102364
         558    0.824511    0.784896   0.0102183
         559    0.826007     0.78497   0.0102003
         560    0.827542    0.785046   0.0101824
         561    0.829111    0.785124   0.0101645
         562    0.830714    0.785205   0.0101468
         563    0.832345    0.785289   0.0101291
         564    0.834005    0.785375   0.0101115
         565    0.835688    0.785465    0.010094
         566    0.837393    0.785556   0.0100766
         567    0.839117    0.785651   0.0100593
         568    0.840858    0.785748    0.010042
         569    0.842613    0.785848   0.0100249
         570    0.844379    0.785951   0.0100078
         571    0.846154    0.786056  0.00999084
         572    0.847935    0.786164  0.00997396
         573     0.84972    0.786275  0.00995717
         574    0.851505    0.786389  0.00994047
         575     0.85329    0.786505  0.00992387
         576    0.855071    0.786624  0.00990735
         577    0.856846    0.786746  0.00989093
         578    0.858612     0.78687   0.0098746
         579    0.860368    0.786997  0.00985836
         580    0.862113    0.787127  0.00984221
         581    0.863844    0.787259  0.00982616
         582     0.86556    0.787393   0.0098102
         583     0.86726     0.78753  0.00979433
         584    0.868941     0.78767  0.00977855
         585    0.870601    0.787811  0.00976286
         586    0.872239    0.787955  0.00974726
         587    0.873851    0.788102  0.00973175
         588    0.875439     0.78825  0.00971634
         589    0.877001    0.788401  0.00970101
         590    0.878536    0.788554  0.00968577
         591    0.880042    0.788709  0.00967062
         592     0.88152    0.788865  0.00965555
         593    0.882968    0.789024  0.00964057
         594    0.884385    0.789185  0.00962568
         595     0.88577    0.789347  0.00961087
         596    0.887123    0.789511  0.00959615
         597    0.888443    0.789677   0.0095815
         598    0.889729    0.789844  0.00956694
         599    0.890981    0.790013  0.00955246
         600    0.892197    0.790183  0.00953806
         601    0.893379    0.790355  0.00952373
         602    0.894526    0.790528  0.00950948
         603    0.895638    0.790702  0.00949531
         604    0.896716    0.790878  0.00948121
         605    0.897759    0.791054  0.00946719
         606    0.898765    0.791232  0.00945323
         607    0.899737    0.791411  0.00943935
         608    0.900673    0.791591  0.00942553
         609    0.901576    0.791771  0.00941179
         610    0.902444    0.791953  0.00939811
         611    0.903279    0.792135  0.00938449
         612     0.90408    0.792318  0.00937094
         613    0.904844    0.792501  0.00935745
         614    0.905575    0.792685  0.00934402
         615    0.906271     0.79287  0.00933065
         616    0.906933    0.793055  0.00931734
         617    0.907562    0.793241  0.00930409
         618    0.908158    0.793427  0.00929089
         619    0.908721    0.793613  0.00927775
         620    0.909251      0.7938  0.00926466
         621    0.909749    0.793986  0.00925162
         622    0.910214    0.794173  0.00923864
         623    0.910645     0.79436   0.0092257
         624    0.911042    0.794547  0.00921281
         625    0.911407    0.794734  0.00919997
         626    0.911738    0.794921  0.00918717
         627    0.912036    0.795108  0.00917441
         628    0.912302    0.795294   0.0091617
         629    0.912535    0.795481  0.00914903
         630    0.912735    0.795667   0.0091364
         631    0.912902    0.795853  0.00912381
         632    0.913036    0.796038  0.00911126
         633    0.913138    0.796223  0.00909874
         634    0.913207    0.796408  0.00908626
         635    0.913242    0.796592  0.00907382
         636    0.913245    0.796775   0.0090614
         637    0.913215    0.796958  0.00904902
         638    0.913151     0.79714  0.00903667
         639    0.913054    0.797321  0.00902435
         640    0.912923    0.797502  0.00901206
         641     0.91276    0.797682  0.00899979
         642    0.912563    0.797861  0.00898755
         643    0.912333    0.798039  0.00897534
         644     0.91207    0.798216  0.00896315
         645    0.911771    0.798392  0.00895098
         646    0.911437    0.798567  0.00893883
         647    0.911069    0.798741  0.00892671
         648    0.910666    0.798913   0.0089146
         649    0.910227    0.799085  0.00890252
         650    0.909753    0.799255  0.00889045
         651    0.909243    0.799424   0.0088784
         652    0.908698    0.799592  0.00886636
         653    0.908117    0.799758  0.00885434
         654    0.907501    0.799923  0.00884234
         655    0.906849    0.800086  0.00883034
         656     0.90616    0.800248  0.00881836
         657    0.905436    0.800408  0.00880639
         658    0.904675    0.800566  0.00879444
         659    0.903879    0.800723  0.00878249
         660    0.903046    0.800878  0.00877055
         661    0.902178    0.801031  0.00875862
         662    0.901272    0.801183   0.0087467
         663    0.900331    0.801332  0.00873478
         664    0.899354     0.80148  0.00872288
         665     0.89834    0.801626  0.00871098
         666    0.897292    0.801769  0.00869908
         667    0.896209    0.801911  0.00868719
         668    0.895093     0.80205  0.00867531
         669    0.893944    0.802188  0.00866343
         670    0.892762    0.802323  0.00865155
         671    0.891549    0.802456  0.00863968
         672    0.890304    0.802587  0.00862781
         673    0.889028    0.802715  0.00861595
         674    0.887723    0.802841  0.00860409
         675    0.886391    0.802965  0.00859223
         676    0.885034    0.803086  0.00858038
         677    0.883651    0.803205  0.00856853
         678    0.882245    0.803322  0.00855668
         679    0.880816    0.803436  0.00854484
         680    0.879367    0.803548  0.00853301
         681    0.877897    0.803657  0.00852117
         682    0.876408    0.803764  0.00850935
         683    0.874903    0.803868  0.00849753
         684    0.873383    0.803969  0.00848571
         685    0.871851    0.804068   0.0084739
         686    0.870307    0.804165   0.0084621
         687    0.868755    0.804259   0.0084503
         688    0.867195     0.80435  0.00843852
         689    0.865631    0.804439  0.00842674
         690    0.864063    0.804526  0.00841497
         691    0.862494     0.80461  0.00840321
         692    0.860927    0.804691  0.00839146
         693    0.859362     0.80477  0.00837972
         694    0.857801    0.804846  0.00836799
         695    0.856246     0.80492  0.00835628
         696      0.8547    0.804992  0.00834458
         697    0.853163    0.805061  0.00833289
         698    0.851639    0.805128  0.00832122
         699    0.850128    0.805192  0.00830957
         700    0.848632    0.805254  0.00829793
         701    0.847153    0.805314  0.00828631
         702    0.845692    0.805371   0.0082747
         703     0.84425    0.805427  0.00826312
         704    0.842828     0.80548  0.00825155
         705    0.841427    0.805531     0.00824
         706    0.840048     0.80558  0.00822848
         707    0.838692    0.805627  0.00821697
         708    0.837361    0.805671  0.00820549
         709    0.836054    0.805714  0.00819403
         710    0.834773    0.805755  0.00818259
         711    0.833517    0.805794  0.00817117
         712    0.832286    0.805831  0.00815978
         713    0.831081    0.805867  0.00814841
         714    0.829901    0.805901  0.00813707
         715    0.828745    0.805932  0.00812575
         716    0.827613    0.805963  0.00811446
         717    0.826505    0.805991  0.00810319
         718     0.82542    0.806018  0.00809195
         719    0.824359    0.806044  0.00808074
         720    0.823319    0.806068  0.00806955
         721      0.8223     0.80609  0.00805839
         722    0.821302    0.806112  0.00804726
         723    0.820322    0.806131  0.00803615
         724    0.819361    0.806149  0.00802507
         725    0.818417    0.806166  0.00801402
         726    0.817488    0.806182    0.008003
         727    0.816573    0.806196    0.007992
         728    0.815671    0.806209  0.00798103
         729    0.814779    0.806221   0.0079701
         730    0.813898    0.806232  0.00795918
         731    0.813024    0.806241   0.0079483
         732    0.812157    0.806249  0.00793745
         733    0.811294    0.806256  0.00792662
         734    0.810434    0.806261  0.00791582
         735    0.809574    0.806266  0.00790506
         736    0.808714    0.806269  0.00789432
         737    0.807852    0.806271   0.0078836
         738    0.806987    0.806272  0.00787292
         739    0.806117    0.806272  0.00786227
         740    0.805241    0.806271  0.00785164
         741    0.804358    0.806268  0.00784105
         742    0.803466    0.806264  0.00783048
         743    0.802563     0.80626  0.00781994
         744    0.801649    0.806253  0.00780944
         745    0.800721    0.806246  0.00779896
         746     0.79978    0.806237  0.00778851
         747    0.798822    0.806227  0.00777809
         748    0.797849    0.806216   0.0077677
         749    0.796859    0.806204  0.00775734
         750    0.795852     0.80619  0.00774701
         751    0.794825    0.806175  0.00773671
         752     0.79378    0.806158  0.00772643
         753    0.792715     0.80614  0.00771619
         754     0.79163    0.806121  0.00770598
         755    0.790524      0.8061  0.00769581
         756    0.789398    0.806078  0.00768566
         757    0.788251    0.806055  0.00767554
         758    0.787081     0.80603  0.00766546
         759    0.785891    0.806003   0.0076554
         760     0.78468    0.805975  0.00764538
         761    0.783447    0.805946  0.00763539
         762    0.782193    0.805914  0.00762544
         763    0.780917    0.805882  0.00761551
         764    0.779621    0.805847  0.00760562
         765    0.778305    0.805811  0.00759576
         766    0.776969    0.805774  0.00758594
         767    0.775613    0.805734  0.00757615
         768    0.774237    0.805693   0.0075664
         769    0.772844    0.805651  0.00755668
         770    0.771433    0.805606    0.007547
         771    0.770005     0.80556  0.00753735
         772    0.768562    0.805512  0.00752774
         773    0.767104    0.805462  0.00751816
         774    0.765633    0.805411  0.00750863
         775    0.764149    0.805358  0.00749913
         776    0.762656    0.805303  0.00748967
         777    0.761152    0.805246  0.00748024
         778    0.759642    0.805187  0.00747086
         779    0.758125    0.805127  0.00746151
         780    0.756604    0.805065   0.0074522
         781     0.75508    0.805001  0.00744294
         782    0.753554    0.804935  0.00743371
         783    0.752028    0.804867  0.00742452
         784    0.750504    0.804798  0.00741538
         785    0.748983    0.804727  0.00740627
         786    0.747467    0.804654  0.00739721
         787    0.745959    0.804579  0.00738818
         788    0.744459    0.804503   0.0073792
         789    0.742968    0.804425  0.00737026
         790     0.74149    0.804345  0.00736136
         791    0.740027    0.804264  0.00735251
         792     0.73858    0.804181  0.00734369
         793    0.737152    0.804097  0.00733492
         794    0.735743     0.80401  0.00732618
         795    0.734355    0.803923  0.00731749
         796    0.732991    0.803834  0.00730884
         797    0.731652    0.803743  0.00730023
         798    0.730341    0.803651  0.00729166
         799     0.72906    0.803558  0.00728313
         800     0.72781    0.803463  0.00727465
         801    0.726593    0.803367   0.0072662
         802    0.725411     0.80327  0.00725779
         803    0.724266    0.803172  0.00724942
         804    0.723159    0.803072  0.00724108
         805    0.722091    0.802971  0.00723279
         806    0.721066     0.80287  0.00722453
         807    0.720083    0.802767   0.0072163
         808    0.719145    0.802664  0.00720811
         809    0.718254    0.802559  0.00719996
         810    0.717412    0.802454  0.00719184
         811     0.71662    0.802349  0.00718375
         812    0.715878    0.802242  0.00717569
         813    0.715189    0.802135  0.00716766
         814    0.714555    0.802027  0.00715966
         815    0.713977    0.801919  0.00715169
         816    0.713456    0.801811  0.00714375
         817    0.712993    0.801702  0.00713583
         818    0.712589    0.801593  0.00712794
         819    0.712245    0.801484  0.00712007
         820    0.711962    0.801375  0.00711223
         821    0.711741    0.801266   0.0071044
         822    0.711583    0.801157   0.0070966
         823    0.711489    0.801048  0.00708881
         824    0.711458    0.800939  0.00708104
         825    0.711492    0.800831  0.00707329
         826    0.711589    0.800723  0.00706555
         827    0.711751    0.800615  0.00705783
         828    0.711977    0.800508  0.00705011
         829    0.712268    0.800401  0.00704241
         830    0.712624    0.800296  0.00703472
         831    0.713045    0.800191  0.00702704
         832    0.713531    0.800087  0.00701937
         833    0.714081    0.799983   0.0070117
         834    0.714695    0.799881  0.00700404
         835    0.715373     0.79978  0.00699638
         836    0.716114     0.79968  0.00698873
         837    0.716916    0.799581  0.00698108
         838    0.717778    0.799483  0.00697343
         839    0.718702    0.799387  0.00696578
         840    0.719685    0.799292  0.00695814
         841    0.720725    0.799199  0.00695049
         842     0.72182    0.799107  0.00694284
         843    0.722968    0.799016  0.00693519
         844    0.724169    0.798928  0.00692754
         845     0.72542    0.798841  0.00691989
         846    0.726718    0.798756  0.00691224
         847    0.728061    0.798672  0.00690458
         848    0.729448     0.79859  0.00689692
         849    0.730876    0.798511  0.00688926
         850    0.732343    0.798433  0.00688159
         851    0.733847    0.798357  0.00687393
         852    0.735383    0.798283  0.00686625
         853     0.73695    0.798211  0.00685858
         854    0.738544    0.798141  0.00685091
         855    0.740163    0.798073  0.00684323
         856    0.741806    0.798008  0.00683555
         857    0.743469    0.797944  0.00682787
         858    0.745149    0.797883  0.00682019
         859    0.746842    0.797823  0.00681251
         860    0.748545    0.797766  0.00680483
         861    0.750255    0.797711  0.00679715
         862    0.751969    0.797658  0.00678947
         863    0.753685    0.797607  0.00678179
         864    0.755399    0.797558  0.00677412
         865     0.75711    0.797511  0.00676645
         866    0.758815    0.797466  0.00675879
         867     0.76051    0.797424  0.00675112
         868    0.762193    0.797383  0.00674347
         869    0.763861    0.797345  0.00673582
         870    0.765512    0.797308  0.00672818
         871    0.767145    0.797273  0.00672054
         872    0.768756    0.797241  0.00671291
         873    0.770345     0.79721  0.00670529
         874    0.771909    0.797181  0.00669768
         875    0.773446    0.797154  0.00669008
         876    0.774956    0.797128   0.0066825
         877    0.776436    0.797105  0.00667492
         878    0.777885    0.797083  0.00666735
         879    0.779301    0.797063   0.0066598
         880    0.780682    0.797044  0.00665225
         881    0.782029    0.797027  0.00664473
         882     0.78334    0.797012  0.00663721
         883    0.784613    0.796997  0.00662971
         884    0.785848    0.796985  0.00662222
         885    0.787044    0.796974  0.00661475
         886    0.788201    0.796964  0.00660729
         887    0.789318    0.796955  0.00659985
         888    0.790396    0.796948  0.00659242
         889    0.791431    0.796942    0.006585
         890    0.792426    0.796936  0.00657761
         891    0.793378    0.796932  0.00657023
         892    0.794288    0.796929  0.00656286
         893    0.795156    0.796927  0.00655551
         894    0.795984    0.796926  0.00654818
         895    0.796769    0.796926  0.00654086
         896    0.797512    0.796927  0.00653356
         897    0.798212    0.796928  0.00652628
         898    0.798871    0.796931  0.00651901
         899     0.79949    0.796933  0.00651176
         900    0.800067    0.796937  0.00650453
         901    0.800603    0.796941  0.00649731
         902    0.801099    0.796946  0.00649011
         903    0.801555    0.796951  0.00648292
         904    0.801971    0.796956  0.00647575
         905    0.802348    0.796962   0.0064686
         906    0.802686    0.796968  0.00646146
         907    0.802984    0.796975  0.00645434
         908    0.803245    0.796982  0.00644724
         909    0.803468    0.796989  0.00644015
         910    0.803654    0.796996  0.00643308
         911    0.803805    0.797004  0.00642602
         912     0.80392    0.797012  0.00641898
         913       0.804    0.797019  0.00641195
         914    0.804047    0.797027  0.00640494
         915    0.804061    0.797035  0.00639795
         916    0.804043    0.797042  0.00639097
         917    0.803994     0.79705    0.006384
         918    0.803914    0.797057  0.00637705
         919    0.803805    0.797065  0.00637012
         920    0.803669    0.797072   0.0063632
         921    0.803506    0.797079  0.00635629
         922    0.803315    0.797086   0.0063494
         923    0.803099    0.797092  0.00634253
         924    0.802859    0.797098  0.00633566
         925    0.802595    0.797104  0.00632882
         926     0.80231     0.79711  0.00632199
         927    0.802004    0.797115  0.00631517
         928    0.801679     0.79712  0.00630836
         929    0.801335    0.797125  0.00630158
         930    0.800973    0.797129   0.0062948
         931    0.800596    0.797132  0.00628804
         932    0.800204    0.797136   0.0062813
         933    0.799798    0.797139  0.00627456
         934    0.799379    0.797141  0.00626785
         935    0.798948    0.797143  0.00626114
         936    0.798508    0.797144  0.00625445
         937    0.798057    0.797145  0.00624778
         938    0.797599    0.797146  0.00624112
         939    0.797135    0.797146  0.00623447
         940    0.796666    0.797145  0.00622784
         941    0.796191    0.797144  0.00622122
         942    0.795713    0.797143  0.00621462
         943    0.795233    0.797141  0.00620803
         944    0.794751    0.797138  0.00620145
         945    0.794269    0.797135  0.00619489
         946    0.793787    0.797132  0.00618834
         947    0.793306    0.797128  0.00618181
         948    0.792827    0.797123  0.00617529
         949    0.792352    0.797118  0.00616878
         950    0.791879    0.797113  0.00616229
         951    0.791412    0.797107  0.00615582
         952     0.79095      0.7971  0.00614935
         953    0.790494    0.797093   0.0061429
         954    0.790044    0.797086  0.00613647
         955    0.789602    0.797078  0.00613005
         956    0.789166     0.79707  0.00612364
         957    0.788737    0.797061  0.00611725
         958    0.788314    0.797052  0.00611087
         959    0.787898    0.797042  0.00610451
         960    0.787489    0.797032  0.00609816
         961    0.787087    0.797022  0.00609182
         962    0.786692    0.797011   0.0060855
         963    0.786305       0.797  0.00607919
         964    0.785927    0.796989  0.00607289
         965    0.785556    0.796977  0.00606661
         966    0.785192    0.796965  0.00606034
         967    0.784835    0.796952  0.00605409
         968    0.784484    0.796939  0.00604785
         969    0.784141    0.796926  0.00604162
         970    0.783804    0.796912  0.00603541
         971    0.783474    0.796899  0.00602921
         972    0.783149    0.796884  0.00602302
         973    0.782831     0.79687  0.00601685
         974    0.782519    0.796855  0.00601069
         975    0.782212     0.79684  0.00600454
         976    0.781909    0.796825  0.00599841
         977    0.781612    0.796809  0.00599229
         978    0.781319    0.796794  0.00598618
         979    0.781029    0.796777  0.00598009
         980    0.780744    0.796761  0.00597401
         981    0.780462    0.796744  0.00596795
         982    0.780184    0.796728  0.00596189
         983    0.779909     0.79671  0.00595585
         984    0.779637    0.796693  0.00594982
         985    0.779368    0.796676  0.00594381
         986    0.779103    0.796658  0.00593781
         987    0.778842     0.79664  0.00593182
         988    0.778584    0.796621  0.00592584
         989    0.778329    0.796603  0.00591988
         990    0.778078    0.796584  0.00591393
         991    0.777831    0.796565  0.00590799
         992    0.777587    0.796546  0.00590207
         993    0.777348    0.796527  0.00589616
         994    0.777112    0.796507  0.00589026
         995    0.776881    0.796488  0.00588437
         996    0.776655    0.796468   0.0058785
         997    0.776435    0.796448  0.00587263
         998     0.77622    0.796427  0.00586679
         999    0.776012    0.796407  0.00586095
        1000    0.775811    0.796386  0.00585512
