           1  -0.0361452  -0.0361452           0
           2  -0.0370403  -0.0365928 0.000316494
           3   -0.037794  -0.0369932 0.000389113
           4  -0.0386461  -0.0374064 0.000461775
           5  -0.0395983  -0.0378448 0.000538715
           6  -0.0402593  -0.0382472 0.000580073
           7    -0.04108  -0.0386519  0.00062257
           8  -0.0433299  -0.0392366 0.000771972
           9  -0.0466775  -0.0400634  0.00103849
          10   -0.047126  -0.0407697  0.00114998
          11  -0.0493228  -0.0415472  0.00128163
          12  -0.0513784  -0.0423665  0.00141262
          13  -0.0531018  -0.0431923  0.00152636
          14  -0.0548515  -0.0440251  0.00162876
          15  -0.0564857  -0.0448558  0.00171901
          16  -0.0576484  -0.0456553  0.00178787
          17  -0.0592839   -0.046457  0.00185375
          18  -0.0591061  -0.0471597  0.00187924
          19  -0.0615269  -0.0479159  0.00192647
          20  -0.0705386   -0.049047  0.00213657
          21  -0.0725098  -0.0501643  0.00230855
          22   -0.073195  -0.0512112   0.0024294
          23   -0.073492  -0.0521799   0.0025095
          24  -0.0778799  -0.0532507  0.00262347
          25  -0.0791657  -0.0542873  0.00271562
          26  -0.0904605  -0.0556786  0.00294608
          27  -0.0973888  -0.0572234  0.00321659
          28   -0.098689  -0.0587043   0.0034257
          29  -0.0931033  -0.0598905  0.00350692
          30   -0.100405   -0.061241  0.00364078
          31  -0.0959199  -0.0623597   0.0036912
          32   -0.100683  -0.0635573  0.00376512
          33   -0.112006  -0.0650254  0.00392685
          34   -0.112993  -0.0664362  0.00405688
          35      -0.122  -0.0680238  0.00424023
          36   -0.107772  -0.0691279  0.00426377
          37   -0.111976   -0.070286  0.00430293
          38   -0.122932  -0.0716714  0.00440709
          39   -0.136732  -0.0733396    0.004599
          40    -0.13293  -0.0748294  0.00471915
          41   -0.135396  -0.0763066  0.00482972
          42   -0.137671  -0.0777676  0.00493077
          43   -0.140637  -0.0792297   0.0050282
          44   -0.141629  -0.0806479  0.00511001
          45   -0.153834  -0.0822743  0.00524889
          46   -0.149467   -0.083735  0.00533416
          47   -0.145704  -0.0850535  0.00538115
          48   -0.143457  -0.0862702  0.00540485
          49   -0.147269  -0.0875151  0.00543602
          50   -0.149339  -0.0887516  0.00546612
          51    -0.15919  -0.0901327  0.00553068
          52   -0.157062  -0.0914198  0.00557207
          53   -0.160025  -0.0927142  0.00561528
          54   -0.162801  -0.0940122  0.00565931
          55   -0.168241  -0.0953618  0.00571507
          56   -0.171906  -0.0967286  0.00577416
          57   -0.169622  -0.0980075  0.00581275
          58   -0.173419  -0.0993076  0.00585613
          59   -0.170498   -0.100514  0.00587987
          60    -0.17003   -0.101673  0.00589492
          61    -0.16775   -0.102756  0.00589696
          62   -0.183612    -0.10406  0.00594431
          63   -0.166609   -0.105053  0.00593228
          64   -0.154814   -0.105831  0.00589032
          65   -0.170222   -0.106821  0.00588242
          66    -0.17188   -0.107807   0.0058753
          67   -0.184699   -0.108955  0.00589863
          68   -0.172868   -0.109894  0.00588629
          69   -0.186941   -0.111011  0.00590595
          70   -0.171734   -0.111879  0.00588494
          71   -0.182447   -0.112872  0.00588539
          72   -0.190899   -0.113956  0.00590257
          73   -0.197274   -0.115098  0.00593104
          74    -0.17953   -0.115968  0.00591446
          75   -0.179957   -0.116821  0.00589681
          76   -0.165954   -0.117468  0.00585455
          77   -0.193116    -0.11845  0.00586037
          78    -0.20174   -0.119518  0.00588172
          79   -0.203184   -0.120577  0.00590184
          80   -0.224773    -0.12188  0.00597005
          81   -0.234181   -0.123266   0.0060552
          82    -0.24031   -0.124693  0.00614729
          83   -0.218866   -0.125828  0.00617704
          84   -0.215728   -0.126898  0.00619553
          85   -0.223207   -0.128031  0.00622539
          86   -0.190085   -0.128753  0.00619467
          87   -0.235162   -0.129976  0.00624305
          88   -0.233059   -0.131147  0.00628104
          89   -0.253075   -0.132517  0.00635811
          90   -0.254286    -0.13387  0.00642981
          91   -0.219499   -0.134811  0.00642764
          92   -0.261947   -0.136193  0.00650463
          93   -0.268522   -0.137616  0.00658848
          94    -0.27928   -0.139123  0.00668853
          95   -0.265816   -0.140457  0.00674977
          96   -0.261026   -0.141713   0.0067953
          97   -0.283522   -0.143175  0.00688071
          98   -0.296181   -0.144736  0.00698539
          99   -0.316139   -0.146467  0.00712616
         100   -0.291561   -0.147918  0.00720109
         101    -0.26675   -0.149095  0.00722527
         102    -0.28864   -0.150463   0.0072828
         103    -0.24848   -0.151415    0.007274
         104   -0.279541   -0.152646  0.00730765
         105   -0.254389   -0.153615  0.00730201
         106   -0.264126   -0.154658  0.00730717
         107   -0.263769   -0.155678  0.00730968
         108   -0.272777   -0.156762  0.00732197
         109   -0.265007   -0.157755  0.00732183
         110   -0.283759   -0.158901  0.00734433
         111   -0.290487   -0.160086  0.00737322
         112   -0.284053   -0.161193     0.00739
         113   -0.289562   -0.162329   0.0074114
         114   -0.287712   -0.163429  0.00742755
         115   -0.301397   -0.164628  0.00745922
         116   -0.284887   -0.165665  0.00746662
         117   -0.268736   -0.166546  0.00745459
         118    -0.25683   -0.167311  0.00743057
         119   -0.282276   -0.168277  0.00743067
         120   -0.278979     -0.1692  0.00742579
         121    -0.26668   -0.170005  0.00740799
         122   -0.278871   -0.170898  0.00740082
         123   -0.270813    -0.17171   0.0073851
         124   -0.271776   -0.172517   0.0073695
         125   -0.256312   -0.173187  0.00734097
         126    -0.25958   -0.173873  0.00731466
         127   -0.253271   -0.174498  0.00728373
         128   -0.263395   -0.175193  0.00725986
         129   -0.250076   -0.175773  0.00722675
         130   -0.260982   -0.176429  0.00720083
         131   -0.261069   -0.177075  0.00717479
         132   -0.262976   -0.177726  0.00714988
         133   -0.267542   -0.178401  0.00712795
         134   -0.271741   -0.179098  0.00710871
         135   -0.259393   -0.179692  0.00708089
         136    -0.24741    -0.18019  0.00704631
         137   -0.261388   -0.180783  0.00701976
         138    -0.27139   -0.181439  0.00699953
         139   -0.269986   -0.182076   0.0069781
         140   -0.276928   -0.182754  0.00696107
         141    -0.27047   -0.183376  0.00693944
         142   -0.271377   -0.183996  0.00691819
         143   -0.277482    -0.18465  0.00690063
         144   -0.267831   -0.185227  0.00687684
         145   -0.270483   -0.185815  0.00685451
         146   -0.253419   -0.186278  0.00682318
         147   -0.245452   -0.186681  0.00678863
         148   -0.226479    -0.18695  0.00674808
         149   -0.243637    -0.18733  0.00671351
         150   -0.236024   -0.187655   0.0066766
         151   -0.250566   -0.188071  0.00664537
         152   -0.272612   -0.188628  0.00662488
         153     -0.2725   -0.189176  0.00660422
         154   -0.271318   -0.189709  0.00658284
         155   -0.288757   -0.190348  0.00657131
         156   -0.269203   -0.190854   0.0065486
         157   -0.272362   -0.191373  0.00652744
         158   -0.275001   -0.191902  0.00650755
         159   -0.261895   -0.192342  0.00648149
         160   -0.257141   -0.192747  0.00645362
         161    -0.28226   -0.193303  0.00643744
         162   -0.254411    -0.19368  0.00640875
         163   -0.257878   -0.194074  0.00638152
         164   -0.268651   -0.194529  0.00635879
         165   -0.244348   -0.194831  0.00632742
         166   -0.268329   -0.195274  0.00630477
         167    -0.27211   -0.195734  0.00628378
         168   -0.265397   -0.196149  0.00626005
         169   -0.273963   -0.196609  0.00623992
         170   -0.274494   -0.197067  0.00622001
         171   -0.275492   -0.197526  0.00620052
         172   -0.261909     -0.1979  0.00617576
         173   -0.261083   -0.198265  0.00615085
         174   -0.266351   -0.198657  0.00612793
         175   -0.239598   -0.198891  0.00609738
         176   -0.245789   -0.199157  0.00606856
         177   -0.306571   -0.199764  0.00606454
         178   -0.273844    -0.20018  0.00604473
         179   -0.292945   -0.200698  0.00603313
         180   -0.321137   -0.201367  0.00603661
         181   -0.307862   -0.201956  0.00603186
         182   -0.282463   -0.202398  0.00601492
         183   -0.285698   -0.202853  0.00599925
         184   -0.288502   -0.203319  0.00598467
         185   -0.316131   -0.203929  0.00598331
         186   -0.303759   -0.204465  0.00597517
         187    -0.32659   -0.205118   0.0059788
         188   -0.311733   -0.205685  0.00597383
         189   -0.317754   -0.206278  0.00597158
         190   -0.322024   -0.206888  0.00597114
         191   -0.314676   -0.207452  0.00596649
         192   -0.307412   -0.207973  0.00595808
         193   -0.319098   -0.208548  0.00595497
         194   -0.326056   -0.209154    0.005955
         195    -0.29439   -0.209591  0.00594048
         196   -0.324766   -0.210179  0.00593916
         197   -0.274109   -0.210503  0.00591787
         198   -0.292017   -0.210915  0.00590229
         199    -0.22855   -0.211004  0.00587329
         200   -0.286755   -0.211382  0.00585613
         201   -0.264135   -0.211645  0.00583287
         202   -0.302073   -0.212092  0.00582115
         203   -0.308732   -0.212569   0.0058119
         204   -0.309414   -0.213043  0.00580277
         205   -0.298445    -0.21346   0.0057894
         206   -0.294691   -0.213854  0.00577471
         207   -0.286864   -0.214207  0.00575757
         208   -0.258981   -0.214422  0.00573392
         209   -0.270164   -0.214689  0.00571268
         210   -0.266478   -0.214935   0.0056908
         211   -0.285981   -0.215272  0.00567378
         212    -0.31049   -0.215721  0.00566477
         213   -0.310955   -0.216168  0.00565579
         214   -0.316491   -0.216637  0.00564875
         215   -0.325083   -0.217142  0.00564496
         216    -0.30184   -0.217534  0.00563242
         217   -0.310742   -0.217963  0.00562282
         218   -0.311574   -0.218393   0.0056134
         219   -0.312781   -0.218824  0.00560429
         220   -0.319075   -0.219279  0.00559731
         221   -0.339348   -0.219823  0.00559829
         222   -0.333396   -0.220334   0.0055964
         223   -0.337412   -0.220859  0.00559588
         224   -0.340622   -0.221394  0.00559638
         225   -0.310722   -0.221791  0.00558557
         226   -0.309937   -0.222181  0.00557446
         227   -0.289777   -0.222479  0.00555785
         228   -0.310432   -0.222864  0.00554684
         229    -0.30117   -0.223206  0.00553315
         230   -0.280802   -0.223457  0.00551476
         231   -0.326419   -0.223903  0.00550887
         232   -0.303119   -0.224244  0.00549569
         233   -0.325971   -0.224681  0.00548942
         234    -0.32507    -0.22511   0.0054827
         235   -0.319017   -0.225509  0.00547391
         236   -0.320146    -0.22591  0.00546539
         237   -0.314671   -0.226285  0.00545514
         238   -0.329542   -0.226719  0.00544945
         239   -0.312392   -0.227077  0.00543842
         240    -0.31222   -0.227432  0.00542732
         241   -0.286862   -0.227678   0.0054104
         242   -0.295085   -0.227957  0.00539521
         243   -0.298033   -0.228245  0.00538071
         244   -0.303948   -0.228556  0.00536759
         245   -0.308023    -0.22888  0.00535548
         246   -0.327641   -0.229281  0.00534873
         247   -0.324058   -0.229665  0.00534082
         248   -0.275666   -0.229851  0.00532251
         249   -0.317996   -0.230205  0.00531289
         250   -0.342754   -0.230655  0.00531068
         251   -0.338345   -0.231084  0.00530683
         252   -0.317937   -0.231429  0.00529695
         253   -0.309725   -0.231738  0.00528504
         254   -0.312995   -0.232058  0.00527391
         255   -0.308919   -0.232359  0.00526183
         256   -0.328763   -0.232736  0.00525474
         257    -0.32237   -0.233085  0.00524585
         258   -0.333574   -0.233474  0.00523996
         259   -0.325051   -0.233828  0.00523164
         260   -0.306109   -0.234106   0.0052189
         261   -0.335671   -0.234495  0.00521339
         262   -0.348267   -0.234929  0.00521155
         263   -0.347862   -0.235359  0.00520939
         264   -0.346052   -0.235778  0.00520651
         265   -0.336659   -0.236159  0.00520076
         266   -0.332859   -0.236522   0.0051939
         267   -0.357024   -0.236973  0.00519402
         268   -0.348323   -0.237389  0.00519123
         269   -0.374369   -0.237898  0.00519684
         270   -0.354395    -0.23833  0.00519548
         271   -0.372357   -0.238824  0.00519979
         272   -0.366908   -0.239295  0.00520195
         273   -0.354969   -0.239719  0.00520013
         274    -0.37908   -0.240227  0.00520596
         275    -0.32572   -0.240538  0.00519631
         276   -0.323171   -0.240838   0.0051861
         277   -0.329138   -0.241156  0.00517716
         278   -0.323074   -0.241451  0.00516692
         279   -0.325367   -0.241752  0.00515715
         280   -0.345166   -0.242121  0.00515194
         281   -0.334444    -0.24245  0.00514407
         282   -0.334476   -0.242776  0.00513617
         283   -0.285021   -0.242925  0.00512019
         284   -0.294314   -0.243106  0.00510535
         285   -0.284299   -0.243251  0.00508948
         286   -0.307856   -0.243477   0.0050767
         287    -0.28826   -0.243633  0.00506141
         288   -0.314938    -0.24388  0.00504989
         289   -0.291181   -0.244044  0.00503506
         290   -0.308138   -0.244265  0.00502255
         291   -0.313486   -0.244503  0.00501092
         292   -0.317304   -0.244752  0.00499996
         293   -0.310658   -0.244977  0.00498795
         294    -0.33422   -0.245281  0.00498021
         295   -0.345903   -0.245622    0.004975
         296   -0.335635   -0.245926  0.00496748
         297   -0.332889   -0.246219  0.00495937
         298   -0.334264   -0.246514  0.00495152
         299   -0.303983   -0.246706  0.00493869
         300   -0.301509   -0.246889  0.00492561
         301   -0.314783   -0.247115   0.0049144
         302   -0.308158   -0.247317  0.00490229
         303   -0.300947   -0.247494   0.0048893
         304   -0.280728   -0.247603  0.00487444
         305   -0.304629    -0.24779  0.00486204
         306   -0.292649   -0.247937  0.00484836
         307   -0.292102    -0.24808  0.00483471
         308   -0.262578   -0.248128  0.00481924
         309   -0.294105   -0.248276  0.00480594
         310   -0.297275   -0.248434  0.00479303
         311   -0.284155   -0.248549    0.004779
         312   -0.314472   -0.248761  0.00476835
         313   -0.319147   -0.248985  0.00475841
         314   -0.319886   -0.249211  0.00474861
         315   -0.309508   -0.249403   0.0047374
         316   -0.313956   -0.249607  0.00472681
         317   -0.302759   -0.249775  0.00471487
         318   -0.295838   -0.249919  0.00470227
         319    -0.32663    -0.25016  0.00469367
         320   -0.330193    -0.25041  0.00468566
         321   -0.332214   -0.250665  0.00467799
         322   -0.327408   -0.250903  0.00466953
         323   -0.355391   -0.251227  0.00466626
         324   -0.335495   -0.251487   0.0046591
         325    -0.31825   -0.251692  0.00464929
         326   -0.353272   -0.252004  0.00464546
         327   -0.371936   -0.252371  0.00464571
         328   -0.387937   -0.252784   0.0046499
         329   -0.358576   -0.253105  0.00464687
         330   -0.372098   -0.253466  0.00464676
         331   -0.362838   -0.253796  0.00464445
         332   -0.345842   -0.254074  0.00463873
         333    -0.33388   -0.254313  0.00463099
         334   -0.323958   -0.254522  0.00462181
         335   -0.336954   -0.254768  0.00461456
         336   -0.338342   -0.255017  0.00460753
         337   -0.331408   -0.255243  0.00459943
         338   -0.340632   -0.255496  0.00459275
         339   -0.348926   -0.255772  0.00458747
         340   -0.339314   -0.256017  0.00458055
         341   -0.336163   -0.256252  0.00457314
         342   -0.323666   -0.256449  0.00456402
         343   -0.328908   -0.256661   0.0045556
         344   -0.328014   -0.256868  0.00454707
         345     -0.3457   -0.257126  0.00454118
         346   -0.368713   -0.257448  0.00453949
         347   -0.350151   -0.257715  0.00453426
         348   -0.357774   -0.258003  0.00453034
         349     -0.3197    -0.25818  0.00452081
         350   -0.336732   -0.258404  0.00451346
         351   -0.342135   -0.258643   0.0045069
         352   -0.329062   -0.258843  0.00449853
         353   -0.319691   -0.259015  0.00448909
         354   -0.345087   -0.259258  0.00448299
         355    -0.31294   -0.259409  0.00447291
         356   -0.292198   -0.259501   0.0044613
         357   -0.364637   -0.259796  0.00445851
         358   -0.338175   -0.260015  0.00445143
         359   -0.336416   -0.260228  0.00444411
         360   -0.304146    -0.26035  0.00443344
         361   -0.311959   -0.260493  0.00442346
         362   -0.304806   -0.260615  0.00441294
         363   -0.298698    -0.26072  0.00440203
         364   -0.273655   -0.260756  0.00439008
         365   -0.306676   -0.260881  0.00437985
         366   -0.308546   -0.261012  0.00436982
         367   -0.312611   -0.261152  0.00436018
         368   -0.303378   -0.261267  0.00434984
         369   -0.296079   -0.261361  0.00433907
         370   -0.293719   -0.261449  0.00432823
         371   -0.270951   -0.261474  0.00431664
         372   -0.302583   -0.261585  0.00430645
         373   -0.286481   -0.261652  0.00429542
         374   -0.312248   -0.261787  0.00428606
         375   -0.279289   -0.261834  0.00427489
         376   -0.242932   -0.261783  0.00426381
         377   -0.303683   -0.261894  0.00425395
         378   -0.313347   -0.262031  0.00424488
         379   -0.314493   -0.262169  0.00423593
         380   -0.301048   -0.262271  0.00422602
         381    -0.30975   -0.262396  0.00421677
         382   -0.300289   -0.262495  0.00420689
         383    -0.29778   -0.262587  0.00419692
         384   -0.276136   -0.262622  0.00418614
         385   -0.277043    -0.26266  0.00417543
         386   -0.297314    -0.26275  0.00416558
         387   -0.300463   -0.262847  0.00415595
         388   -0.341313   -0.263049  0.00415016
         389   -0.341022    -0.26325  0.00414433
         390   -0.333059   -0.263429  0.00413757
         391    -0.32058   -0.263575  0.00412957
         392   -0.320808   -0.263721  0.00412161
         393   -0.315182   -0.263852   0.0041132
         394   -0.371215   -0.264124  0.00411178
         395    -0.36736   -0.264386  0.00410967
         396    -0.34897   -0.264599  0.00410484
         397    -0.34532   -0.264803  0.00409953
         398   -0.338513   -0.264988  0.00409341
         399   -0.364882   -0.265238   0.0040908
         400   -0.363486   -0.265484  0.00408794
         401   -0.366666   -0.265736  0.00408553
         402   -0.374553   -0.266007  0.00408432
         403   -0.346021   -0.266205  0.00407901
         404   -0.336746    -0.26638  0.00407265
         405   -0.356332   -0.266602  0.00406864
         406   -0.368916   -0.266854  0.00406642
         407   -0.373811   -0.267117  0.00406491
         408   -0.356879   -0.267337   0.0040609
         409   -0.377249   -0.267606  0.00405985
         410   -0.407178   -0.267946   0.0040642
         411   -0.416089   -0.268307  0.00407026
         412   -0.446179   -0.268738  0.00408321
         413   -0.439527   -0.269152  0.00409421
         414   -0.425971   -0.269531  0.00410181
         415   -0.407586   -0.269863  0.00410539
         416   -0.416115   -0.270215  0.00411055
         417    -0.42983   -0.270598  0.00411847
         418   -0.412454   -0.270937  0.00412258
         419   -0.424488   -0.271303    0.004129
         420   -0.418842   -0.271655  0.00413408
         421   -0.426599   -0.272023  0.00414061
         422   -0.401187   -0.272329   0.0041421
         423   -0.428687   -0.272698  0.00414877
         424   -0.391829   -0.272979  0.00414849
         425   -0.372963   -0.273215  0.00414539
         426   -0.399254   -0.273511   0.0041462
         427   -0.419036   -0.273851  0.00415048
         428   -0.414337    -0.27418  0.00415374
         429   -0.400953   -0.274475  0.00415455
         430    -0.38249   -0.274726  0.00415248
         431   -0.389144   -0.274992  0.00415132
         432   -0.378966   -0.275232  0.00414868
         433   -0.383195   -0.275482  0.00414659
         434   -0.407525   -0.275786  0.00414818
         435   -0.396058   -0.276063  0.00414785
         436   -0.435784   -0.276429  0.00415448
         437   -0.400547   -0.276713  0.00415467
         438   -0.419642   -0.277039  0.00415798
         439   -0.421211   -0.277368  0.00416146
         440   -0.418289   -0.277688  0.00416431
         441   -0.350987   -0.277854  0.00415818
         442   -0.417894   -0.278171  0.00416083
         443   -0.440499   -0.278537  0.00416754
         444   -0.430622    -0.27888   0.0041722
         445   -0.451595   -0.279268  0.00418084
         446   -0.443835   -0.279637  0.00418772
         447   -0.427097   -0.279967  0.00419132
         448   -0.417497   -0.280274   0.0041932
         449   -0.396145   -0.280532  0.00419179
         450   -0.412959   -0.280826  0.00419279
         451   -0.421928   -0.281139  0.00419515
         452   -0.423202   -0.281453  0.00419763
         453   -0.418134   -0.281755  0.00419919
         454   -0.399302   -0.282014  0.00419792
         455   -0.410489   -0.282296  0.00419818
         456   -0.439269   -0.282641  0.00420306
         457   -0.434534   -0.282973  0.00420698
         458   -0.440288   -0.283317   0.0042118
         459   -0.439031   -0.283656  0.00421626
         460   -0.438282   -0.283992  0.00422047
         461    -0.42837   -0.284305  0.00422292
         462   -0.434137   -0.284629  0.00422622
         463   -0.439705   -0.284964  0.00423034
         464   -0.410707   -0.285235  0.00422989
         465   -0.428744   -0.285544  0.00423204
         466   -0.416809   -0.285826  0.00423232
         467   -0.406402   -0.286084  0.00423113
         468   -0.406987   -0.286342  0.00422997
         469    -0.42394   -0.286636  0.00423111
         470   -0.438127   -0.286958  0.00423437
         471   -0.410517    -0.28722   0.0042335
         472   -0.426235   -0.287515  0.00423476
         473   -0.443331   -0.287844   0.0042386
         474   -0.398135   -0.288077  0.00423604
         475   -0.396985   -0.288306  0.00423332
         476   -0.380857   -0.288501  0.00422889
         477   -0.426089   -0.288789  0.00422985
         478   -0.422706   -0.289069  0.00423027
         479   -0.421035   -0.289345   0.0042304
         480   -0.431953   -0.289642  0.00423201
         481   -0.381933   -0.289834  0.00422756
         482   -0.389188    -0.29004  0.00422381
         483   -0.412327   -0.290293  0.00422264
         484   -0.452086   -0.290627  0.00422713
         485   -0.463006   -0.290983  0.00423333
         486   -0.493232   -0.291399  0.00424502
         487   -0.469463   -0.291764  0.00425203
         488   -0.445729    -0.29208    0.004255
         489   -0.453694    -0.29241  0.00425912
         490   -0.458458   -0.292749  0.00426388
         491   -0.441314   -0.293052  0.00426592
         492   -0.448072   -0.293367  0.00426887
         493   -0.477574   -0.293741  0.00427653
         494   -0.406363   -0.293969  0.00427395
         495   -0.404533   -0.294192  0.00427115
         496    -0.40134   -0.294408    0.004268
         497   -0.353603   -0.294527  0.00426107
         498   -0.321227   -0.294581  0.00425285
         499   -0.370861   -0.294734  0.00424707
         500   -0.363206   -0.294871  0.00424079
         501   -0.417092   -0.295114  0.00423933
         502   -0.398914   -0.295321  0.00423593
         503   -0.395128    -0.29552  0.00423215
         504   -0.385818   -0.295699  0.00422755
         505   -0.373724   -0.295853    0.004222
         506   -0.361438   -0.295983  0.00421564
         507   -0.365008   -0.296119  0.00420953
         508   -0.390556   -0.296305  0.00420534
         509   -0.369367   -0.296449  0.00419953
         510   -0.378028   -0.296608  0.00419434
         511   -0.404699    -0.29682  0.00419146
         512    -0.40961    -0.29704  0.00418906
         513   -0.400757   -0.297242  0.00418577
         514   -0.380529   -0.297405  0.00418076
         515   -0.407359   -0.297618  0.00417809
         516    -0.38862   -0.297794  0.00417372
         517   -0.380917   -0.297955  0.00416874
         518   -0.393094   -0.298139  0.00416473
         519   -0.388836   -0.298314  0.00416037
         520   -0.340766   -0.298395  0.00415317
         521   -0.356127   -0.298506  0.00414668
         522    -0.37784   -0.298658  0.00414152
         523   -0.397015   -0.298846  0.00413787
         524   -0.384525    -0.29901   0.0041332
         525   -0.402549   -0.299207  0.00413003
         526   -0.407231   -0.299412  0.00412728
         527   -0.384156   -0.299573  0.00412258
         528   -0.385246   -0.299735  0.00411797
         529   -0.378739   -0.299885  0.00411289
         530      -0.396   -0.300066  0.00410913
         531   -0.407928   -0.300269  0.00410641
         532   -0.414805   -0.300484  0.00410433
         533   -0.414318   -0.300698  0.00410218
         534   -0.398462   -0.300881  0.00409858
         535   -0.410626   -0.301086  0.00409605
         536   -0.416784   -0.301302  0.00409409
         537   -0.391809   -0.301471  0.00408994
         538   -0.411522   -0.301675  0.00408745
         539   -0.428288    -0.30191  0.00408661
         540   -0.411619   -0.302113  0.00408409
         541   -0.423434   -0.302337  0.00408269
         542   -0.423864   -0.302562  0.00408131
         543   -0.407706   -0.302755  0.00407838
         544   -0.394232   -0.302923  0.00407435
         545   -0.395508   -0.303093  0.00407042
         546   -0.387932   -0.303249  0.00406593
         547   -0.390049   -0.303407  0.00406159
         548   -0.385094   -0.303556  0.00405691
         549   -0.410758   -0.303752  0.00405422
         550    -0.41032   -0.303945  0.00405147
         551   -0.391338   -0.304104  0.00404722
         552   -0.403375   -0.304284  0.00404389
         553   -0.398925   -0.304455  0.00404019
         554   -0.391034   -0.304611  0.00403592
         555   -0.406009   -0.304794  0.00403278
         556   -0.425489   -0.305011  0.00403137
         557   -0.421022   -0.305219  0.00402951
         558   -0.394525   -0.305379  0.00402546
         559   -0.396095   -0.305542  0.00402153
         560    -0.43338    -0.30577  0.00402082
         561   -0.433151   -0.305997  0.00402006
         562   -0.463189   -0.306277  0.00402263
         563   -0.450458   -0.306533  0.00402363
         564   -0.442951   -0.306775  0.00402376
         565   -0.409563   -0.306957  0.00402074
         566   -0.437838   -0.307188  0.00402029
         567   -0.455525    -0.30745   0.0040217
         568   -0.448168   -0.307697  0.00402224
         569   -0.428244   -0.307909  0.00402075
         570   -0.406523   -0.308082  0.00401741
         571    -0.40176   -0.308246  0.00401373
         572   -0.419177    -0.30844  0.00401139
         573   -0.424713   -0.308643  0.00400952
         574   -0.420849   -0.308839   0.0040073
         575   -0.412841   -0.309019  0.00400441
         576   -0.443628   -0.309253  0.00400427
         577   -0.437234   -0.309475  0.00400347
         578   -0.432958   -0.309689  0.00400224
         579   -0.435474   -0.309906  0.00400122
         580   -0.397458   -0.310057  0.00399717
         581   -0.410271   -0.310229  0.00399401
         582   -0.407343   -0.310396  0.00399063
         583   -0.424501   -0.310592  0.00398858
         584   -0.433369   -0.310802  0.00398729
         585   -0.454085   -0.311047  0.00398799
         586   -0.427601   -0.311246  0.00398614
         587   -0.416735   -0.311426  0.00398339
         588    -0.41721   -0.311605  0.00398068
         589   -0.411879   -0.311776  0.00397756
         590   -0.411669   -0.311945  0.00397442
         591   -0.423286   -0.312133  0.00397216
         592   -0.442508   -0.312354  0.00397155
         593   -0.449853   -0.312586  0.00397162
         594   -0.442695   -0.312805  0.00397096
         595   -0.430483   -0.313002  0.00396921
         596   -0.438351   -0.313213  0.00396812
         597   -0.424955     -0.3134  0.00396589
         598    -0.40349    -0.31355  0.00396211
         599   -0.405266   -0.313704  0.00395846
         600    -0.38924   -0.313829  0.00395386
         601   -0.440102    -0.31404  0.00395286
         602   -0.424019   -0.314222  0.00395051
         603   -0.452951   -0.314452  0.00395066
         604   -0.441557   -0.314663  0.00394972
         605   -0.440653   -0.314871  0.00394867
         606   -0.414707   -0.315036  0.00394559
         607   -0.378428    -0.31514  0.00394048
         608   -0.428176   -0.315326  0.00393838
         609   -0.396393   -0.315459  0.00393416
         610   -0.387204   -0.315577  0.00392947
         611   -0.348055    -0.31563   0.0039234
         612   -0.390892   -0.315753  0.00391891
         613    -0.37426   -0.315848  0.00391368
         614   -0.380638   -0.315954  0.00390873
         615   -0.390583   -0.316075  0.00390426
         616   -0.396683   -0.316206  0.00390011
         617   -0.409661   -0.316358  0.00389673
         618   -0.418429   -0.316523  0.00389392
         619   -0.384381   -0.316632  0.00388918
         620    -0.39979   -0.316767  0.00388521
         621   -0.381099    -0.31687  0.00388034
         622   -0.417338   -0.317032  0.00387746
         623    -0.40298    -0.31717  0.00387369
         624   -0.416165   -0.317328  0.00387073
         625   -0.407805   -0.317473  0.00386724
         626   -0.406728   -0.317616  0.00386369
         627   -0.411533   -0.317765  0.00386043
         628   -0.408192   -0.317909  0.00385697
         629   -0.413309   -0.318061  0.00385382
         630    -0.40081   -0.318192  0.00384994
         631    -0.36958   -0.318274   0.0038447
         632    -0.37993   -0.318371  0.00383985
         633   -0.408745   -0.318514  0.00383644
         634   -0.404765    -0.31865   0.0038328
         635   -0.390688   -0.318764  0.00382844
         636   -0.402468   -0.318895  0.00382469
         637   -0.399221   -0.319021  0.00382076
         638   -0.393008   -0.319137  0.00381653
         639   -0.397503    -0.31926  0.00381253
         640   -0.376301   -0.319349  0.00380761
         641   -0.386907   -0.319454  0.00380313
         642   -0.391697   -0.319567  0.00379887
         643   -0.382685   -0.319665  0.00379423
         644   -0.384183   -0.319765  0.00378966
         645   -0.394754   -0.319882  0.00378557
         646   -0.402704    -0.32001  0.00378188
         647   -0.379777   -0.320102  0.00377716
         648   -0.405091   -0.320233  0.00377361
         649    -0.39808   -0.320353   0.0037697
         650   -0.394394   -0.320467  0.00376562
         651   -0.345804   -0.320506  0.00376004
         652   -0.385226   -0.320605  0.00375558
         653   -0.362476    -0.32067  0.00375038
         654   -0.359297   -0.320729  0.00374511
         655   -0.360293   -0.320789  0.00373988
         656   -0.406709    -0.32092  0.00373647
         657   -0.430491   -0.321087   0.0037345
         658    -0.38939   -0.321191  0.00373027
         659   -0.371096   -0.321266  0.00372538
         660   -0.388831   -0.321369  0.00372114
         661    -0.38605   -0.321467   0.0037168
         662   -0.382538   -0.321559  0.00371233
         663   -0.412855   -0.321696  0.00370928
         664   -0.366538   -0.321764  0.00370431
         665   -0.359435   -0.321821  0.00369917
         666   -0.340296   -0.321848  0.00369372
         667   -0.395375   -0.321959  0.00368983
         668   -0.357639   -0.322012  0.00368469
         669   -0.345747   -0.322048  0.00367935
         670   -0.362605   -0.322108  0.00367436
         671   -0.385756   -0.322203  0.00367011
         672   -0.386962   -0.322299  0.00366591
         673   -0.362749   -0.322359  0.00366096
         674   -0.397558   -0.322471  0.00365723
         675   -0.403585   -0.322591  0.00365378
         676   -0.416095   -0.322729  0.00365099
         677   -0.425522   -0.322881  0.00364876
         678   -0.432272   -0.323043  0.00364694
         679   -0.423976   -0.323191   0.0036446
         680   -0.371209   -0.323262  0.00363992
         681   -0.416717   -0.323399  0.00363716
         682   -0.425696   -0.323549  0.00363492
         683   -0.416979   -0.323686  0.00363217
         684   -0.427055   -0.323837     0.00363
         685   -0.421358   -0.323979   0.0036275
         686    -0.40245   -0.324094  0.00362401
         687   -0.409768   -0.324218  0.00362088
         688   -0.411081   -0.324345  0.00361782
         689   -0.406635   -0.324464  0.00361454
         690   -0.401645   -0.324576  0.00361103
         691   -0.364702   -0.324634  0.00360627
         692   -0.370551     -0.3247  0.00360167
         693   -0.365287   -0.324759  0.00359695
         694   -0.352525   -0.324799  0.00359199
         695   -0.343726   -0.324826  0.00358692
         696   -0.389308   -0.324919  0.00358297
         697   -0.375687   -0.324992  0.00357857
         698   -0.393951   -0.325091   0.0035748
         699   -0.413191   -0.325217  0.00357191
         700   -0.405855   -0.325332  0.00356866
         701   -0.400479   -0.325439  0.00356518
         702   -0.395901   -0.325539  0.00356152
         703   -0.392868   -0.325635  0.00355774
         704   -0.354985   -0.325677  0.00355293
         705   -0.381667   -0.325756  0.00354878
         706   -0.408715   -0.325874   0.0035457
         707   -0.415986   -0.326001  0.00354297
         708    -0.38313   -0.326082  0.00353889
         709   -0.371504   -0.326146  0.00353447
         710   -0.412778   -0.326268   0.0035316
         711   -0.387545   -0.326354  0.00352769
         712    -0.38741    -0.32644  0.00352377
         713   -0.388614   -0.326527  0.00351991
         714   -0.372448   -0.326591  0.00351557
         715   -0.370821   -0.326653  0.00351119
         716   -0.357188   -0.326696  0.00350655
         717   -0.354207   -0.326734  0.00350187
         718   -0.340391   -0.326753  0.00349704
         719   -0.347183   -0.326782   0.0034923
         720   -0.363491   -0.326833  0.00348782
         721   -0.379631   -0.326906  0.00348375
         722    -0.37895   -0.326978  0.00347967
         723   -0.381171   -0.327053  0.00347566
         724   -0.386549   -0.327135  0.00347183
         725   -0.380414   -0.327209  0.00346782
         726    -0.38173   -0.327284  0.00346386
         727   -0.383345   -0.327361  0.00345995
         728   -0.367838   -0.327416  0.00345565
         729    -0.35353   -0.327452  0.00345109
         730   -0.395626   -0.327546  0.00344763
         731   -0.405543   -0.327652  0.00344456
         732   -0.395044   -0.327744  0.00344109
         733   -0.379878   -0.327816  0.00343713
         734   -0.415612   -0.327935  0.00343453
         735   -0.438322   -0.328085  0.00343313
         736   -0.402271   -0.328186  0.00342995
         737   -0.392724   -0.328274  0.00342641
         738   -0.394201   -0.328363  0.00342293
         739   -0.412571   -0.328477   0.0034202
         740   -0.422882   -0.328605  0.00341796
         741   -0.418825   -0.328726  0.00341551
         742   -0.393428   -0.328814  0.00341202
         743   -0.394245   -0.328902  0.00340856
         744   -0.402185      -0.329  0.00340541
         745   -0.401556   -0.329097  0.00340223
         746   -0.394031   -0.329185  0.00339878
         747    -0.38334   -0.329257    0.003395
         748    -0.37112   -0.329313  0.00339093
         749   -0.381021   -0.329382   0.0033871
         750   -0.377086   -0.329446  0.00338318
         751   -0.365718   -0.329494  0.00337902
         752    -0.39263   -0.329578  0.00337557
         753     -0.3824   -0.329648  0.00337182
         754   -0.391894   -0.329731  0.00336836
         755   -0.391327   -0.329812  0.00336488
         756    -0.39084   -0.329893   0.0033614
         757   -0.395255   -0.329979  0.00335807
         758   -0.368529    -0.33003  0.00335402
         759   -0.376494   -0.330091  0.00335016
         760   -0.387809   -0.330167  0.00334662
         761   -0.399671   -0.330259  0.00334346
         762   -0.379878   -0.330324  0.00333971
         763    -0.35897   -0.330361  0.00333554
         764   -0.318996   -0.330346  0.00333121
         765    -0.34792   -0.330369  0.00332694
         766   -0.367101   -0.330417  0.00332294
         767   -0.382148   -0.330485  0.00331929
         768   -0.385694   -0.330557  0.00331575
         769   -0.380966   -0.330622  0.00331208
         770   -0.367697    -0.33067  0.00330813
         771   -0.386432   -0.330743  0.00330463
         772   -0.379256   -0.330806  0.00330095
         773   -0.386914   -0.330878  0.00329748
         774   -0.378783    -0.33094   0.0032938
         775   -0.370477   -0.330991  0.00328994
         776   -0.411148   -0.331094  0.00328732
         777   -0.411739   -0.331198  0.00328473
         778   -0.405193   -0.331293  0.00328188
         779   -0.412683   -0.331398  0.00327933
         780   -0.392979   -0.331477  0.00327608
         781   -0.409333   -0.331576   0.0032734
         782   -0.389883   -0.331651  0.00327006
         783   -0.379743   -0.331712  0.00326647
         784    -0.39859   -0.331798  0.00326341
         785   -0.411577   -0.331899  0.00326084
         786   -0.390297   -0.331974  0.00325754
         787   -0.405216   -0.332067  0.00325473
         788   -0.384516   -0.332133  0.00325128
         789   -0.371591   -0.332183  0.00324754
         790   -0.365335   -0.332225   0.0032437
         791   -0.376405   -0.332281  0.00324008
         792    -0.38725    -0.33235  0.00323673
         793   -0.375086   -0.332404   0.0032331
         794   -0.386488   -0.332472  0.00322974
         795   -0.368194   -0.332517  0.00322599
         796   -0.359405   -0.332551  0.00322212
         797   -0.309806   -0.332523   0.0032182
         798   -0.354796    -0.33255  0.00321429
         799   -0.375376   -0.332604  0.00321071
         800   -0.336904   -0.332609  0.00320671
         801   -0.329966   -0.332606   0.0032027
         802   -0.340063   -0.332615  0.00319872
         803   -0.333428   -0.332616  0.00319474
         804   -0.334124   -0.332618  0.00319077
         805   -0.342786   -0.332631  0.00318683
         806   -0.358388   -0.332663  0.00318303
         807   -0.365951   -0.332704  0.00317936
         808   -0.286992   -0.332648  0.00317593
         809   -0.344778   -0.332663  0.00317204
         810   -0.337769   -0.332669  0.00316813
         811   -0.348928   -0.332689  0.00316428
         812   -0.354878   -0.332716   0.0031605
         813   -0.312716   -0.332692  0.00315671
         814   -0.346105   -0.332708  0.00315288
         815   -0.319986   -0.332693  0.00314905
         816   -0.320989   -0.332678  0.00314522
         817   -0.350874     -0.3327  0.00314145
         818   -0.373244    -0.33275    0.003138
         819   -0.380475   -0.332808  0.00313471
         820   -0.378421   -0.332864  0.00313138
         821   -0.365403   -0.332904  0.00312782
         822   -0.338978   -0.332911  0.00312402
         823    -0.37303    -0.33296  0.00312061
         824   -0.380944   -0.333018  0.00311736
         825     -0.3916   -0.333089  0.00311439
         826   -0.401181   -0.333171  0.00311171
         827   -0.386468   -0.333236  0.00310862
         828   -0.372763   -0.333284  0.00310523
         829   -0.363763    -0.33332   0.0031017
         830   -0.367776   -0.333362  0.00309824
         831   -0.394483   -0.333435  0.00309539
         832   -0.375107   -0.333485  0.00309207
         833   -0.353412   -0.333509  0.00308845
         834   -0.343903   -0.333522  0.00308477
         835   -0.395228   -0.333596  0.00308196
         836   -0.395476    -0.33367  0.00307917
         837   -0.397303   -0.333746  0.00307643
         838    -0.37076    -0.33379  0.00307307
         839    -0.34638   -0.333805  0.00306945
         840   -0.360794   -0.333837  0.00306596
         841    -0.40056   -0.333916  0.00306334
         842   -0.356522   -0.333943  0.00305982
         843   -0.385819   -0.334005  0.00305681
         844   -0.389237    -0.33407  0.00305389
         845   -0.374481   -0.334118  0.00305065
         846   -0.405064   -0.334202  0.00304819
         847   -0.403295   -0.334284  0.00304569
         848   -0.406233   -0.334368  0.00304328
         849   -0.429341    -0.33448  0.00304175
         850    -0.40938   -0.334568  0.00303945
         851   -0.397462   -0.334642  0.00303677
         852   -0.385122   -0.334702  0.00303379
         853   -0.368292   -0.334741  0.00303048
         854   -0.393184   -0.334809  0.00302771
         855   -0.403151   -0.334889  0.00302522
         856   -0.391258   -0.334955   0.0030224
         857   -0.350979   -0.334974  0.00301894
         858   -0.367121   -0.335011  0.00301565
         859   -0.355984   -0.335036  0.00301224
         860   -0.409318   -0.335122  0.00300997
         861   -0.396804   -0.335194  0.00300733
         862   -0.379964   -0.335246  0.00300429
         863   -0.386509   -0.335305   0.0030014
         864   -0.390421   -0.335369   0.0029986
         865   -0.356669   -0.335393  0.00299523
         866   -0.356849   -0.335418  0.00299188
         867   -0.344956   -0.335429  0.00298845
         868   -0.373427   -0.335473  0.00298533
         869   -0.367295    -0.33551  0.00298211
         870   -0.371955   -0.335552  0.00297898
         871    -0.34262    -0.33556  0.00297557
         872   -0.376666   -0.335607  0.00297253
         873   -0.392369   -0.335672  0.00296984
         874   -0.364239   -0.335704  0.00296662
         875   -0.347885   -0.335718  0.00296326
         876   -0.342713   -0.335726  0.00295989
         877   -0.373357   -0.335769  0.00295683
         878   -0.398095    -0.33584  0.00295431
         879   -0.395499   -0.335908  0.00295173
         880   -0.414149   -0.335997  0.00294971
         881   -0.402117   -0.336072  0.00294732
         882   -0.374965   -0.336116  0.00294431
         883   -0.374614    -0.33616   0.0029413
         884   -0.314561   -0.336135  0.00293807
         885   -0.390803   -0.336197   0.0029354
         886   -0.370003   -0.336235  0.00293234
         887   -0.380315   -0.336285  0.00292945
         888   -0.370325   -0.336323   0.0029264
         889   -0.356791   -0.336346   0.0029232
         890   -0.369821   -0.336384  0.00292016
         891   -0.371303   -0.336423  0.00291714
         892   -0.379585   -0.336472  0.00291428
         893   -0.367093   -0.336506  0.00291121
         894   -0.360557   -0.336533  0.00290808
         895   -0.352911   -0.336551  0.00290489
         896   -0.349893   -0.336566  0.00290169
         897   -0.354295   -0.336586  0.00289852
         898   -0.338075   -0.336587  0.00289529
         899   -0.341813   -0.336593  0.00289208
         900   -0.340219   -0.336597  0.00288887
         901   -0.326546   -0.336586  0.00288568
         902   -0.355873   -0.336607  0.00288256
         903   -0.382031   -0.336658  0.00287981
         904   -0.367812   -0.336692  0.00287683
         905    -0.35587   -0.336713  0.00287373
         906    -0.36848   -0.336748  0.00287077
         907   -0.379204   -0.336795  0.00286799
         908   -0.371125   -0.336833  0.00286508
         909   -0.380028   -0.336881  0.00286232
         910   -0.363088   -0.336909  0.00285932
         911   -0.358725   -0.336933  0.00285628
         912   -0.353765   -0.336952  0.00285321
         913   -0.350625   -0.336967  0.00285012
         914   -0.367117      -0.337  0.00284719
         915   -0.362689   -0.337028  0.00284422
         916    -0.37596    -0.33707  0.00284143
         917   -0.373513    -0.33711  0.00283861
         918   -0.375748   -0.337152  0.00283583
         919   -0.387478   -0.337207  0.00283328
         920   -0.389895   -0.337264  0.00283078
         921   -0.383229   -0.337314  0.00282814
         922   -0.388586    -0.33737  0.00282562
         923   -0.376443   -0.337412  0.00282288
         924   -0.355939   -0.337432  0.00281989
         925   -0.340487   -0.337435  0.00281685
         926   -0.358836   -0.337458   0.0028139
         927   -0.337434   -0.337458  0.00281086
         928   -0.334985   -0.337456  0.00280784
         929    -0.34236   -0.337461  0.00280482
         930    -0.34956   -0.337474  0.00280183
         931   -0.334678   -0.337471  0.00279882
         932   -0.335838   -0.337469  0.00279582
         933   -0.338742   -0.337471  0.00279283
         934   -0.322574   -0.337455  0.00278988
         935   -0.339452   -0.337457   0.0027869
         936   -0.370874   -0.337493  0.00278415
         937   -0.365976   -0.337523  0.00278134
         938   -0.352023   -0.337538  0.00277842
         939     -0.3538   -0.337556  0.00277552
         940   -0.352868   -0.337572  0.00277261
         941   -0.351957   -0.337587  0.00276971
         942   -0.338469   -0.337588  0.00276677
         943   -0.354296   -0.337606  0.00276389
         944   -0.373387   -0.337644  0.00276122
         945   -0.363305   -0.337671  0.00275843
         946   -0.374442    -0.33771  0.00275579
         947   -0.341227   -0.337714  0.00275288
         948   -0.339735   -0.337716  0.00274998
         949   -0.339039   -0.337717  0.00274708
         950   -0.364403   -0.337745  0.00274434
         951   -0.359954   -0.337769  0.00274155
         952   -0.357557   -0.337789  0.00273875
         953   -0.358301   -0.337811  0.00273596
         954   -0.358403   -0.337832  0.00273318
         955   -0.359502   -0.337855  0.00273041
         956   -0.399553    -0.33792  0.00272832
         957    -0.40044   -0.337985  0.00272625
         958   -0.366317   -0.338015  0.00272356
         959   -0.360915   -0.338039  0.00272083
         960   -0.351957   -0.338053  0.00271803
         961   -0.319239   -0.338033  0.00271527
         962   -0.336388   -0.338032  0.00271245
         963   -0.313538   -0.338006  0.00270975
         964   -0.339736   -0.338008  0.00270694
         965   -0.307739   -0.337977  0.00270432
         966   -0.299376   -0.337937  0.00270181
         967   -0.320253   -0.337918  0.00269908
         968   -0.277745   -0.337856  0.00269701
         969   -0.354891   -0.337874  0.00269428
         970   -0.357228   -0.337894  0.00269158
         971   -0.358808   -0.337915  0.00268889
         972   -0.326135   -0.337903  0.00268616
         973   -0.358938   -0.337925  0.00268348
         974   -0.333307    -0.33792  0.00268073
         975   -0.322369   -0.337904  0.00267803
         976   -0.309978   -0.337876  0.00267544
         977   -0.340924   -0.337879   0.0026727
         978   -0.360201   -0.337902  0.00267007
         979   -0.375027   -0.337939  0.00266761
         980   -0.373345   -0.337976  0.00266513
         981   -0.372972   -0.338011  0.00266265
         982   -0.375195   -0.338049  0.00266021
         983   -0.362645   -0.338074  0.00265762
         984   -0.361924   -0.338098  0.00265503
         985   -0.377733   -0.338139  0.00265264
         986   -0.374455   -0.338175  0.00265021
         987   -0.349272   -0.338187  0.00264754
         988   -0.370355   -0.338219  0.00264507
         989   -0.362349   -0.338244   0.0026425
         990   -0.352475   -0.338258  0.00263987
         991   -0.343891   -0.338264  0.00263722
         992   -0.374287     -0.3383  0.00263481
         993   -0.366523   -0.338328  0.00263231
         994     -0.3418   -0.338332  0.00262966
         995   -0.333914   -0.338327  0.00262702
         996   -0.354837   -0.338344  0.00262444
         997   -0.364981   -0.338371  0.00262194
         998   -0.377654    -0.33841  0.00261961
         999   -0.360335   -0.338432  0.00261708
        1000   -0.377452   -0.338471  0.00261475
