           1    0.060023    0.060023           0
           2   0.0600222   0.0600226 2.91341e-07
           3   0.0600215   0.0600222  3.5804e-07
           4   0.0600207   0.0600218 4.24766e-07
           5   0.0600198   0.0600214 4.95389e-07
           6   0.0600192   0.0600211 5.33369e-07
           7   0.0600185   0.0600207 5.72201e-07
           8   0.0600164   0.0600202 7.08321e-07
           9   0.0600134   0.0600194 9.45214e-07
          10    0.060013   0.0600188 1.04516e-06
          11   0.0600111   0.0600181 1.16129e-06
          12   0.0600092   0.0600173 1.27727e-06
          13   0.0600077   0.0600166 1.37782e-06
          14   0.0600061   0.0600159 1.46771e-06
          15   0.0600047   0.0600151 1.54715e-06
          16   0.0600036   0.0600144 1.60827e-06
          17   0.0600022   0.0600137 1.66684e-06
          18   0.0600023    0.060013 1.68934e-06
          19   0.0600002   0.0600124 1.73075e-06
          20   0.0599933   0.0600114 1.88921e-06
          21   0.0599924   0.0600105 2.00448e-06
          22   0.0600058   0.0600103 1.92454e-06
          23   0.0599905   0.0600094 2.02402e-06
          24   0.0599871   0.0600085 2.14243e-06
          25   0.0599864   0.0600076 2.23214e-06
          26   0.0599806   0.0600066 2.37637e-06
          27   0.0599764   0.0600055 2.53696e-06
          28   0.0599751   0.0600044  2.6683e-06
          29    0.059975   0.0600034 2.76146e-06
          30   0.0599723   0.0600023 2.85709e-06
          31   0.0599734   0.0600014 2.91299e-06
          32   0.0599719   0.0600005 2.96445e-06
          33   0.0599743   0.0599997 2.97875e-06
          34   0.0599826   0.0599992 2.93303e-06
          35   0.0599702   0.0599983 2.96397e-06
          36    0.060024   0.0599991  2.9663e-06
          37   0.0600276   0.0599998 2.98472e-06
          38   0.0599924   0.0599996 2.91253e-06
          39   0.0599743    0.059999 2.90946e-06
          40   0.0599897   0.0599988 2.84588e-06
          41   0.0599817   0.0599983  2.8067e-06
          42   0.0599958   0.0599983 2.74051e-06
          43   0.0599709   0.0599976 2.74967e-06
          44   0.0599734   0.0599971 2.74171e-06
          45   0.0599716   0.0599965 2.73852e-06
          46   0.0599544   0.0599956 2.82797e-06
          47   0.0599541   0.0599947 2.90249e-06
          48   0.0599607    0.059994 2.92743e-06
          49   0.0599473   0.0599931 3.01898e-06
          50   0.0599361   0.0599919 3.16662e-06
          51   0.0599447    0.059991 3.23727e-06
          52   0.0599382     0.05999 3.33034e-06
          53   0.0599429   0.0599891 3.38416e-06
          54   0.0599462   0.0599883  3.4133e-06
          55   0.0599354   0.0599873 3.48429e-06
          56   0.0599373   0.0599864 3.53471e-06
          57   0.0599415   0.0599857 3.55956e-06
          58   0.0599332   0.0599848 3.61124e-06
          59   0.0599337   0.0599839 3.65205e-06
          60   0.0599448   0.0599832  3.6489e-06
          61   0.0599783   0.0599832 3.58996e-06
          62   0.0599491   0.0599826 3.57388e-06
          63   0.0599343   0.0599818 3.59857e-06
          64   0.0599802   0.0599818 3.54243e-06
          65   0.0599525   0.0599814 3.51648e-06
          66   0.0599561    0.059981 3.48398e-06
          67   0.0599584   0.0599806 3.44825e-06
          68   0.0599401     0.05998 3.44864e-06
          69   0.0599473   0.0599796 3.43109e-06
          70   0.0600026   0.0599799 3.39775e-06
          71   0.0599793   0.0599799  3.3499e-06
          72   0.0599468   0.0599794  3.3348e-06
          73   0.0599517   0.0599791 3.31068e-06
          74   0.0600433   0.0599799 3.37792e-06
          75   0.0600131   0.0599804 3.36169e-06
          76   0.0600767   0.0599816 3.54831e-06
          77   0.0600304   0.0599823 3.55841e-06
          78   0.0600368    0.059983 3.58075e-06
          79   0.0601025   0.0599845 3.84162e-06
          80   0.0600363   0.0599851 3.84786e-06
          81   0.0600192   0.0599855 3.82326e-06
          82   0.0599915   0.0599856 3.77733e-06
          83   0.0600406   0.0599863  3.7894e-06
          84   0.0600016   0.0599865 3.74868e-06
          85   0.0600124   0.0599868 3.71698e-06
          86   0.0600961    0.059988 3.88526e-06
          87   0.0599874    0.059988 3.84061e-06
          88   0.0600179   0.0599884 3.81195e-06
          89   0.0599351   0.0599878 3.81578e-06
          90   0.0598982   0.0599868 3.90107e-06
          91   0.0599887   0.0599868 3.85826e-06
          92   0.0599263   0.0599861 3.87194e-06
          93   0.0599174   0.0599854 3.90025e-06
          94   0.0598914   0.0599844 3.98492e-06
          95   0.0599147   0.0599837 4.01001e-06
          96    0.059956   0.0599834 3.97855e-06
          97    0.059978   0.0599833 3.93791e-06
          98   0.0599569   0.0599831 3.90697e-06
          99   0.0599223   0.0599824 3.91544e-06
         100   0.0599571   0.0599822  3.8845e-06
         101   0.0600021   0.0599824 3.85105e-06
         102   0.0599089   0.0599817 3.88016e-06
         103   0.0600167    0.059982 3.85737e-06
         104   0.0599218   0.0599814 3.86352e-06
         105   0.0599633   0.0599813 3.83058e-06
         106   0.0599157   0.0599806 3.84402e-06
         107   0.0599254   0.0599801 3.84265e-06
         108   0.0599603   0.0599799 3.81143e-06
         109   0.0600106   0.0599802 3.78681e-06
         110   0.0599638   0.0599801 3.75533e-06
         111   0.0599608   0.0599799 3.72551e-06
         112   0.0600309   0.0599803 3.71996e-06
         113   0.0600111   0.0599806 3.69697e-06
         114   0.0600225    0.059981 3.68271e-06
         115   0.0599511   0.0599807 3.65987e-06
         116   0.0599741   0.0599807 3.62876e-06
         117   0.0599591   0.0599805 3.60244e-06
         118   0.0599884   0.0599806 3.57254e-06
         119   0.0599375   0.0599802 3.56082e-06
         120     0.05991   0.0599796 3.57886e-06
         121   0.0599431   0.0599793 3.56194e-06
         122   0.0599839   0.0599793 3.53295e-06
         123   0.0600289   0.0599797 3.52712e-06
         124    0.059933   0.0599794 3.51877e-06
         125   0.0599874   0.0599794  3.4912e-06
         126   0.0599204    0.059979 3.49483e-06
         127   0.0599077   0.0599784 3.51208e-06
         128   0.0598766   0.0599776 3.57352e-06
         129    0.059926   0.0599772 3.56815e-06
         130    0.059932   0.0599769 3.55759e-06
         131   0.0599062   0.0599763 3.57111e-06
         132   0.0599217   0.0599759 3.56792e-06
         133   0.0599318   0.0599756 3.55646e-06
         134   0.0599273   0.0599752  3.5481e-06
         135   0.0599221   0.0599748  3.5436e-06
         136   0.0599341   0.0599745 3.53017e-06
         137   0.0599205   0.0599741 3.52634e-06
         138   0.0599023   0.0599736 3.53902e-06
         139   0.0599115   0.0599732 3.54167e-06
         140   0.0598969   0.0599726 3.55806e-06
         141   0.0599504   0.0599725  3.5363e-06
         142   0.0599329   0.0599722 3.52235e-06
         143   0.0599171   0.0599718 3.51868e-06
         144   0.0599423   0.0599716  3.5002e-06
         145   0.0599088   0.0599712 3.50276e-06
         146   0.0599118   0.0599707  3.5023e-06
         147   0.0599793   0.0599708 3.47895e-06
         148   0.0600196   0.0599711 3.47103e-06
         149   0.0599975   0.0599713 3.45223e-06
         150   0.0599873   0.0599714 3.43086e-06
         151   0.0599666   0.0599714 3.40828e-06
         152   0.0599221   0.0599711 3.40128e-06
         153   0.0599898   0.0599712 3.38125e-06
         154   0.0599827   0.0599713 3.36011e-06
         155   0.0599443   0.0599711 3.34292e-06
         156   0.0600377   0.0599715 3.34862e-06
         157   0.0600018   0.0599717 3.33285e-06
         158   0.0599273   0.0599714 3.32359e-06
         159   0.0599817   0.0599715 3.30332e-06
         160     0.05995   0.0599714 3.28541e-06
         161   0.0599151    0.059971  3.2835e-06
         162   0.0600336   0.0599714 3.28587e-06
         163   0.0600353   0.0599718 3.28903e-06
         164   0.0599722   0.0599718 3.26898e-06
         165   0.0600711   0.0599724 3.30415e-06
         166    0.059995   0.0599725 3.28706e-06
         167   0.0599807   0.0599726 3.26774e-06
         168   0.0599905   0.0599727 3.25004e-06
         169   0.0599902   0.0599728 3.23246e-06
         170   0.0599184   0.0599725 3.22923e-06
         171   0.0598929    0.059972 3.24371e-06
         172   0.0599266   0.0599717 3.23559e-06
         173   0.0599616   0.0599717 3.21741e-06
         174   0.0599269   0.0599714 3.20921e-06
         175   0.0600089   0.0599716   3.198e-06
         176   0.0600119   0.0599719 3.18801e-06
         177   0.0599347   0.0599717  3.1769e-06
         178   0.0600103   0.0599719 3.16645e-06
         179    0.059982   0.0599719 3.14927e-06
         180   0.0598933   0.0599715 3.16188e-06
         181   0.0599213   0.0599712 3.15656e-06
         182   0.0599991   0.0599714 3.14293e-06
         183   0.0600102   0.0599716 3.13291e-06
         184    0.059953   0.0599715 3.11751e-06
         185   0.0599055   0.0599711 3.12098e-06
         186   0.0600005   0.0599713 3.10819e-06
         187   0.0599354   0.0599711 3.09747e-06
         188   0.0599332   0.0599709 3.08755e-06
         189   0.0599288   0.0599707 3.07924e-06
         190   0.0599062   0.0599703 3.08164e-06
         191   0.0599371   0.0599701 3.07041e-06
         192    0.059945     0.05997  3.0572e-06
         193   0.0598847   0.0599696 3.07314e-06
         194   0.0598766   0.0599691 3.09443e-06
         195   0.0599589    0.059969   3.079e-06
         196   0.0599014   0.0599687 3.08257e-06
         197   0.0600052   0.0599689  3.0725e-06
         198   0.0599632   0.0599689 3.05711e-06
         199   0.0601166   0.0599696 3.13062e-06
         200   0.0599969   0.0599697 3.11795e-06
         201   0.0600953   0.0599704 3.16441e-06
         202    0.059988   0.0599704 3.14995e-06
         203   0.0599654   0.0599704 3.13453e-06
         204   0.0599377   0.0599703 3.12327e-06
         205   0.0599772   0.0599703 3.10822e-06
         206   0.0599149     0.05997 3.10473e-06
         207   0.0599429   0.0599699 3.09249e-06
         208   0.0600156   0.0599701 3.08541e-06
         209   0.0599975   0.0599702 3.07343e-06
         210   0.0599979   0.0599704 3.06162e-06
         211   0.0599345   0.0599702 3.05184e-06
         212    0.059907   0.0599699 3.05196e-06
         213   0.0598959   0.0599696 3.05732e-06
         214   0.0599373   0.0599694 3.04674e-06
         215   0.0598952   0.0599691 3.05208e-06
         216   0.0599588    0.059969 3.03832e-06
         217   0.0599982   0.0599692 3.02729e-06
         218   0.0599017   0.0599688 3.02915e-06
         219   0.0599517   0.0599688 3.01633e-06
         220   0.0599135   0.0599685 3.01307e-06
         221   0.0598671   0.0599681 3.03416e-06
         222   0.0599059   0.0599678 3.03337e-06
         223   0.0599426   0.0599677 3.02188e-06
         224   0.0599435   0.0599676 3.01031e-06
         225   0.0599497   0.0599675 2.99797e-06
         226   0.0599481   0.0599674 2.98593e-06
         227   0.0600175   0.0599676 2.98092e-06
         228   0.0599463   0.0599675 2.96932e-06
         229   0.0599891   0.0599676 2.95785e-06
         230   0.0600578    0.059968 2.97085e-06
         231   0.0599219   0.0599678 2.96467e-06
         232   0.0599826   0.0599679 2.95258e-06
         233   0.0598957   0.0599676 2.95611e-06
         234   0.0599082   0.0599673 2.95435e-06
         235   0.0599176   0.0599671 2.94934e-06
         236   0.0599016   0.0599668 2.94985e-06
         237   0.0599357   0.0599667 2.94033e-06
         238   0.0599002   0.0599664 2.94121e-06
         239   0.0599335   0.0599663 2.93213e-06
         240   0.0599273   0.0599661  2.9244e-06
         241   0.0599682   0.0599661 2.91227e-06
         242   0.0599168   0.0599659 2.90737e-06
         243   0.0599558   0.0599659  2.8957e-06
         244   0.0599438   0.0599658 2.88523e-06
         245   0.0599598   0.0599658 2.87356e-06
         246   0.0599733   0.0599658 2.86204e-06
         247   0.0599805   0.0599658 2.85108e-06
         248   0.0601041   0.0599664 2.89356e-06
         249   0.0600531   0.0599668 2.90282e-06
         250   0.0599939   0.0599669 2.89324e-06
         251   0.0599891   0.0599669 2.88307e-06
         252   0.0600395   0.0599672 2.88597e-06
         253   0.0600483   0.0599676 2.89229e-06
         254   0.0600703    0.059968 2.90904e-06
         255   0.0600544   0.0599683 2.91732e-06
         256   0.0600281   0.0599685 2.91527e-06
         257   0.0600954    0.059969 2.94545e-06
         258   0.0600402   0.0599693 2.94694e-06
         259    0.060061   0.0599697 2.95675e-06
         260   0.0600887   0.0599701 2.98059e-06
         261    0.059948     0.05997 2.97038e-06
         262    0.059867   0.0599696 2.98495e-06
         263   0.0598953   0.0599694 2.98695e-06
         264   0.0599289   0.0599692 2.97957e-06
         265   0.0599867   0.0599693 2.96906e-06
         266   0.0599794   0.0599693 2.95814e-06
         267   0.0598871    0.059969 2.96305e-06
         268   0.0599313   0.0599689 2.95533e-06
         269   0.0598879   0.0599686 2.95964e-06
         270    0.059892   0.0599683 2.96223e-06
         271   0.0599071    0.059968 2.95989e-06
         272   0.0599378   0.0599679 2.95109e-06
         273   0.0599544   0.0599679  2.9407e-06
         274   0.0599411   0.0599678 2.93159e-06
         275   0.0600603   0.0599681 2.94018e-06
         276   0.0600678   0.0599685 2.95162e-06
         277   0.0600007   0.0599686 2.94325e-06
         278   0.0600394   0.0599689 2.94365e-06
         279   0.0599975    0.059969 2.93488e-06
         280   0.0599026   0.0599687 2.93397e-06
         281   0.0598833   0.0599684 2.93922e-06
         282   0.0598842   0.0599681 2.94394e-06
         283   0.0600089   0.0599683 2.93706e-06
         284   0.0599562   0.0599682 2.92703e-06
         285    0.059941   0.0599681 2.91831e-06
         286    0.059942    0.059968 2.90954e-06
         287   0.0600148   0.0599682 2.90395e-06
         288   0.0599563   0.0599682 2.89416e-06
         289   0.0599626   0.0599681 2.88421e-06
         290   0.0599331    0.059968  2.8768e-06
         291   0.0599204   0.0599679 2.87156e-06
         292    0.059883   0.0599676 2.87638e-06
         293   0.0599077   0.0599674  2.8738e-06
         294   0.0599373   0.0599673 2.86584e-06
         295   0.0598713   0.0599669 2.87452e-06
         296   0.0598558   0.0599666 2.88922e-06
         297   0.0599549   0.0599665 2.87976e-06
         298   0.0599403   0.0599664 2.87144e-06
         299   0.0600141   0.0599666 2.86627e-06
         300   0.0599744   0.0599666 2.85684e-06
         301   0.0599205   0.0599665 2.85145e-06
         302   0.0599219   0.0599663 2.84582e-06
         303   0.0598815    0.059966 2.85016e-06
         304   0.0599241   0.0599659 2.84412e-06
         305   0.0598758   0.0599656  2.8501e-06
         306   0.0598869   0.0599653 2.85238e-06
         307   0.0599154   0.0599652 2.84772e-06
         308   0.0600121   0.0599653 2.84254e-06
         309   0.0599467   0.0599653 2.83398e-06
         310   0.0599789   0.0599653 2.82518e-06
         311   0.0599669   0.0599653  2.8161e-06
         312   0.0599079   0.0599651 2.81309e-06
         313   0.0599166    0.059965 2.80836e-06
         314   0.0599551    0.059965 2.79959e-06
         315   0.0599594   0.0599649 2.79076e-06
         316   0.0599027   0.0599647 2.78887e-06
         317   0.0599094   0.0599646 2.78552e-06
         318   0.0599736   0.0599646  2.7769e-06
         319   0.0599071   0.0599644 2.77405e-06
         320   0.0598978   0.0599642 2.77318e-06
         321    0.059896    0.059964 2.77267e-06
         322   0.0599093   0.0599638 2.76925e-06
         323   0.0598893   0.0599636 2.77027e-06
         324    0.060007   0.0599637 2.76496e-06
         325    0.060017   0.0599639  2.7613e-06
         326   0.0598959   0.0599637  2.7607e-06
         327   0.0599236   0.0599636 2.75498e-06
         328   0.0599346   0.0599635   2.748e-06
         329   0.0599231   0.0599633 2.74238e-06
         330   0.0599214   0.0599632 2.73702e-06
         331   0.0599533   0.0599632 2.72891e-06
         332   0.0599928   0.0599633 2.72215e-06
         333    0.060003   0.0599634  2.7166e-06
         334   0.0600248   0.0599636 2.71469e-06
         335   0.0599984   0.0599637 2.70857e-06
         336   0.0600012   0.0599638  2.7028e-06
         337   0.0600333    0.059964 2.70263e-06
         338   0.0599984   0.0599641 2.69655e-06
         339   0.0599246    0.059964 2.69111e-06
         340   0.0599287   0.0599639  2.6852e-06
         341   0.0598863   0.0599637 2.68696e-06
         342   0.0599801   0.0599637 2.67953e-06
         343   0.0599793   0.0599637  2.6721e-06
         344   0.0600544    0.059964 2.67729e-06
         345   0.0600262   0.0599642  2.6756e-06
         346   0.0599166   0.0599641  2.6714e-06
         347   0.0599221   0.0599639 2.66643e-06
         348   0.0599627   0.0599639 2.65877e-06
         349   0.0600696   0.0599642 2.66832e-06
         350   0.0599784   0.0599643 2.66101e-06
         351   0.0599475   0.0599642 2.65385e-06
         352   0.0599888   0.0599643 2.64723e-06
         353   0.0599997   0.0599644 2.64163e-06
         354   0.0599326   0.0599643  2.6357e-06
         355    0.060029   0.0599645 2.63456e-06
         356   0.0600917   0.0599648 2.65127e-06
         357   0.0598645   0.0599646 2.65871e-06
         358   0.0598755   0.0599643 2.66289e-06
         359   0.0598652    0.059964 2.66975e-06
         360   0.0599696   0.0599641 2.66238e-06
         361   0.0598848   0.0599638 2.66403e-06
         362   0.0598884   0.0599636  2.6648e-06
         363   0.0598845   0.0599634 2.66635e-06
         364   0.0599876   0.0599635 2.65986e-06
         365   0.0598979   0.0599633 2.65863e-06
         366   0.0599053   0.0599631 2.65608e-06
         367    0.059907    0.059963 2.65324e-06
         368   0.0598926   0.0599628 2.65293e-06
         369   0.0599176   0.0599627 2.64856e-06
         370   0.0599137   0.0599625 2.64471e-06
         371   0.0599658   0.0599625  2.6376e-06
         372   0.0599175   0.0599624 2.63328e-06
         373   0.0599765   0.0599625 2.62649e-06
         374     0.05998   0.0599625 2.61988e-06
         375   0.0600073   0.0599626 2.61561e-06
         376   0.0600125   0.0599628 2.61201e-06
         377   0.0599019   0.0599626 2.61007e-06
         378   0.0598718   0.0599624 2.61419e-06
         379   0.0599449   0.0599623  2.6077e-06
         380   0.0599392   0.0599623 2.60155e-06
         381   0.0598859   0.0599621 2.60242e-06
         382   0.0598869   0.0599619 2.60303e-06
         383   0.0599571   0.0599618 2.59627e-06
         384   0.0600542   0.0599621 2.60061e-06
         385   0.0600658   0.0599624 2.60778e-06
         386   0.0600173   0.0599625  2.6049e-06
         387   0.0600241   0.0599627 2.60302e-06
         388   0.0599503   0.0599626 2.59651e-06
         389   0.0599652   0.0599626 2.58984e-06
         390   0.0600005   0.0599627 2.58502e-06
         391   0.0600027   0.0599628 2.58043e-06
         392   0.0600054   0.0599629 2.57614e-06
         393   0.0599706    0.059963 2.56965e-06
         394   0.0598539   0.0599627   2.578e-06
         395   0.0598907   0.0599625  2.5779e-06
         396   0.0599065   0.0599624 2.57527e-06
         397   0.0599686   0.0599624 2.56883e-06
         398   0.0600457   0.0599626  2.5709e-06
         399   0.0599515   0.0599626 2.56461e-06
         400    0.059944   0.0599625 2.55861e-06
         401   0.0599012   0.0599624  2.5568e-06
         402   0.0599027   0.0599622 2.55475e-06
         403   0.0599705   0.0599622  2.5485e-06
         404   0.0599763   0.0599623 2.54243e-06
         405   0.0599353   0.0599622 2.53702e-06
         406   0.0598938    0.059962 2.53636e-06
         407   0.0598416   0.0599617 2.54734e-06
         408   0.0599419   0.0599617 2.54156e-06
         409   0.0598767   0.0599615 2.54383e-06
         410   0.0598725   0.0599613 2.54687e-06
         411   0.0598809   0.0599611 2.54816e-06
         412   0.0598527   0.0599608 2.55552e-06
         413   0.0598652   0.0599606 2.55979e-06
         414   0.0598595   0.0599603 2.56522e-06
         415    0.059872   0.0599601 2.56785e-06
         416   0.0598534   0.0599599 2.57447e-06
         417   0.0598699   0.0599596 2.57732e-06
         418   0.0599081   0.0599595  2.5741e-06
         419    0.059869   0.0599593   2.577e-06
         420   0.0599201   0.0599592 2.57255e-06
         421   0.0599232   0.0599591 2.56786e-06
         422    0.059984   0.0599592 2.56245e-06
         423   0.0598367   0.0599589 2.57271e-06
         424   0.0599266   0.0599588 2.56777e-06
         425   0.0599455   0.0599588 2.56192e-06
         426   0.0598589   0.0599585 2.56661e-06
         427   0.0598545   0.0599583 2.57214e-06
         428   0.0599085   0.0599582 2.56876e-06
         429   0.0599849   0.0599582 2.56353e-06
         430   0.0600683   0.0599585 2.57031e-06
         431   0.0600475   0.0599587 2.57263e-06
         432   0.0600177   0.0599588  2.5703e-06
         433    0.060003    0.059959 2.56638e-06
         434   0.0599634    0.059959 2.56049e-06
         435   0.0600262   0.0599591 2.55927e-06
         436   0.0599385   0.0599591 2.55384e-06
         437   0.0600406   0.0599593  2.5548e-06
         438   0.0600095   0.0599594 2.55155e-06
         439   0.0599981   0.0599595 2.54726e-06
         440   0.0600507   0.0599597  2.5499e-06
         441   0.0602522   0.0599603   2.629e-06
         442   0.0600486   0.0599605 2.63064e-06
         443   0.0599841   0.0599606 2.62523e-06
         444   0.0600205   0.0599607 2.62278e-06
         445    0.059951   0.0599607 2.61698e-06
         446   0.0599332   0.0599606 2.61184e-06
         447   0.0599875   0.0599607 2.60669e-06
         448   0.0599549   0.0599607  2.6009e-06
         449   0.0600192   0.0599608 2.59837e-06
         450   0.0599462   0.0599608  2.5928e-06
         451   0.0599384   0.0599607 2.58752e-06
         452   0.0599827   0.0599608 2.58225e-06
         453   0.0599792   0.0599608 2.57687e-06
         454   0.0599947   0.0599609 2.57228e-06
         455   0.0600778   0.0599611 2.57943e-06
         456   0.0600039   0.0599612 2.57548e-06
         457   0.0599658   0.0599613 2.56986e-06
         458    0.059963   0.0599613 2.56425e-06
         459   0.0599568   0.0599612 2.55869e-06
         460   0.0599614   0.0599612 2.55312e-06
         461   0.0599087   0.0599611 2.55013e-06
         462   0.0598705   0.0599609 2.55215e-06
         463   0.0598415   0.0599607 2.55965e-06
         464   0.0599044   0.0599606   2.557e-06
         465   0.0598673   0.0599604 2.55936e-06
         466   0.0599608   0.0599604 2.55386e-06
         467    0.059965   0.0599604 2.54841e-06
         468   0.0599205   0.0599603 2.54439e-06
         469   0.0599591   0.0599603 2.53897e-06
         470   0.0599052   0.0599602 2.53627e-06
         471   0.0599566   0.0599602 2.53089e-06
         472   0.0599155   0.0599601  2.5273e-06
         473   0.0599095     0.05996 2.52422e-06
         474   0.0600414   0.0599601 2.52474e-06
         475   0.0600565   0.0599603 2.52756e-06
         476   0.0600846   0.0599606 2.53569e-06
         477   0.0599459   0.0599606 2.53056e-06
         478    0.059983   0.0599606 2.52571e-06
         479   0.0599424   0.0599606 2.52072e-06
         480   0.0599538   0.0599606 2.51551e-06
         481   0.0600122   0.0599607 2.51257e-06
         482   0.0600297   0.0599608 2.51143e-06
         483    0.060053    0.059961 2.51348e-06
         484   0.0599824    0.059961 2.50867e-06
         485   0.0600024   0.0599611 2.50495e-06
         486   0.0598373   0.0599609 2.51272e-06
         487   0.0598418   0.0599606 2.51943e-06
         488   0.0598632   0.0599604 2.52216e-06
         489   0.0598972   0.0599603 2.52031e-06
         490    0.059919   0.0599602 2.51657e-06
         491   0.0599654   0.0599602 2.51147e-06
         492   0.0599778   0.0599603 2.50662e-06
         493   0.0598937   0.0599601 2.50517e-06
         494   0.0599973   0.0599602 2.50123e-06
         495   0.0599528   0.0599602 2.49622e-06
         496   0.0600111   0.0599603  2.4933e-06
         497   0.0601172   0.0599606 2.50819e-06
         498   0.0601086   0.0599609  2.5207e-06
         499   0.0600028    0.059961 2.51705e-06
         500   0.0600337   0.0599611 2.51621e-06
         501   0.0599379   0.0599611 2.51161e-06
         502   0.0599569   0.0599611 2.50662e-06
         503    0.059945    0.059961 2.50184e-06
         504    0.059941    0.059961 2.49719e-06
         505   0.0599813    0.059961 2.49257e-06
         506   0.0600374   0.0599612 2.49221e-06
         507   0.0599651   0.0599612 2.48731e-06
         508   0.0599452   0.0599612 2.48261e-06
         509   0.0599671   0.0599612 2.47776e-06
         510   0.0600025   0.0599613 2.47423e-06
         511   0.0598653   0.0599611  2.4765e-06
         512   0.0598197   0.0599608   2.487e-06
         513   0.0598866   0.0599607 2.48635e-06
         514   0.0599517   0.0599606 2.48157e-06
         515   0.0599018   0.0599605 2.47938e-06
         516   0.0599641   0.0599605 2.47458e-06
         517   0.0599726   0.0599606 2.46991e-06
         518   0.0599718   0.0599606 2.46523e-06
         519   0.0599817   0.0599606 2.46082e-06
         520   0.0600453   0.0599608 2.46147e-06
         521   0.0599969   0.0599608 2.45772e-06
         522   0.0599378   0.0599608 2.45341e-06
         523    0.059834   0.0599606 2.46066e-06
         524    0.059835   0.0599603 2.46761e-06
         525   0.0598571   0.0599601 2.47074e-06
         526   0.0598961     0.05996 2.46904e-06
         527   0.0599159   0.0599599 2.46577e-06
         528   0.0599637   0.0599599 2.46111e-06
         529   0.0599414   0.0599599 2.45671e-06
         530   0.0599388   0.0599599  2.4524e-06
         531   0.0599845   0.0599599 2.44822e-06
         532   0.0599193   0.0599598  2.4448e-06
         533   0.0599182   0.0599597 2.44146e-06
         534   0.0599893   0.0599598 2.43752e-06
         535   0.0599242   0.0599597 2.43387e-06
         536   0.0598903   0.0599596 2.43277e-06
         537   0.0599426   0.0599596 2.42844e-06
         538    0.059914   0.0599595 2.42541e-06
         539   0.0598913   0.0599594  2.4242e-06
         540   0.0599506   0.0599593 2.41977e-06
         541   0.0598957   0.0599592 2.41815e-06
         542   0.0598947   0.0599591 2.41662e-06
         543   0.0599071    0.059959 2.41406e-06
         544   0.0600002   0.0599591 2.41082e-06
         545   0.0599245    0.059959 2.40723e-06
         546   0.0599024   0.0599589 2.40505e-06
         547   0.0599011   0.0599588 2.40298e-06
         548   0.0598841   0.0599587 2.40246e-06
         549   0.0598545   0.0599585 2.40557e-06
         550   0.0598621   0.0599583 2.40758e-06
         551   0.0599317   0.0599583 2.40369e-06
         552   0.0599861   0.0599583 2.39987e-06
         553   0.0599955   0.0599584 2.39647e-06
         554   0.0599774   0.0599584 2.39239e-06
         555   0.0599636   0.0599584  2.3881e-06
         556   0.0599371   0.0599584 2.38411e-06
         557   0.0599627   0.0599584 2.37985e-06
         558   0.0600424   0.0599585 2.38034e-06
         559   0.0600185   0.0599587 2.37849e-06
         560   0.0598973   0.0599585 2.37676e-06
         561   0.0599183   0.0599585 2.37361e-06
         562     0.05993   0.0599584 2.36992e-06
         563   0.0598987   0.0599583 2.36808e-06
         564    0.059889   0.0599582 2.36707e-06
         565   0.0600225   0.0599583 2.36562e-06
         566   0.0598793   0.0599582 2.36556e-06
         567   0.0598685    0.059958 2.36666e-06
         568   0.0598783   0.0599579 2.36666e-06
         569   0.0598428   0.0599577 2.37113e-06
         570   0.0598526   0.0599575 2.37412e-06
         571   0.0598817   0.0599573 2.37367e-06
         572   0.0598532   0.0599572  2.3765e-06
         573    0.059855    0.059957 2.37903e-06
         574   0.0598684   0.0599568 2.37988e-06
         575   0.0599163   0.0599568 2.37679e-06
         576    0.059865   0.0599566   2.378e-06
         577   0.0598678   0.0599565 2.37885e-06
         578   0.0598787   0.0599563 2.37854e-06
         579   0.0598931   0.0599562 2.37694e-06
         580   0.0599892   0.0599563 2.37352e-06
         581    0.059986   0.0599563 2.36999e-06
         582   0.0599132   0.0599562 2.36707e-06
         583   0.0598927   0.0599561 2.36552e-06
         584   0.0599231   0.0599561 2.36214e-06
         585   0.0598645   0.0599559 2.36328e-06
         586   0.0599527   0.0599559 2.35925e-06
         587    0.059944   0.0599559 2.35532e-06
         588   0.0598911   0.0599558 2.35389e-06
         589   0.0599138   0.0599557 2.35097e-06
         590   0.0599451   0.0599557 2.34706e-06
         591   0.0599409   0.0599557 2.34322e-06
         592   0.0598524   0.0599555 2.34574e-06
         593   0.0598755   0.0599554 2.34567e-06
         594   0.0598402   0.0599552 2.34971e-06
         595    0.059929   0.0599551 2.34617e-06
         596     0.05994   0.0599551 2.34237e-06
         597   0.0599445   0.0599551 2.33852e-06
         598   0.0600178   0.0599552 2.33696e-06
         599   0.0600055   0.0599553 2.33457e-06
         600   0.0599982   0.0599553 2.33177e-06
         601   0.0598996   0.0599552 2.32974e-06
         602   0.0599015   0.0599552 2.32758e-06
         603   0.0598035   0.0599549 2.33726e-06
         604   0.0598216   0.0599547 2.34379e-06
         605   0.0598771   0.0599546 2.34342e-06
         606   0.0599577   0.0599546 2.33955e-06
         607   0.0600218   0.0599547 2.33832e-06
         608   0.0599525   0.0599547 2.33448e-06
         609    0.059988   0.0599547 2.33129e-06
         610   0.0599561   0.0599547 2.32747e-06
         611   0.0600348   0.0599549 2.32734e-06
         612   0.0599873   0.0599549 2.32414e-06
         613   0.0600097    0.059955 2.32207e-06
         614   0.0599611    0.059955 2.31831e-06
         615    0.059918   0.0599549 2.31532e-06
         616   0.0599125   0.0599549 2.31259e-06
         617   0.0599109   0.0599548 2.30994e-06
         618   0.0598603   0.0599547 2.31126e-06
         619   0.0600281   0.0599548 2.31057e-06
         620   0.0600537   0.0599549 2.31235e-06
         621   0.0600529   0.0599551   2.314e-06
         622   0.0599474   0.0599551 2.31031e-06
         623   0.0599747   0.0599551 2.30681e-06
         624    0.059902    0.059955 2.30469e-06
         625   0.0599901   0.0599551 2.30168e-06
         626   0.0599381   0.0599551 2.29817e-06
         627   0.0599041    0.059955 2.29594e-06
         628   0.0598727   0.0599548 2.29602e-06
         629   0.0599218   0.0599548 2.29297e-06
         630   0.0598877   0.0599547 2.29181e-06
         631   0.0599701   0.0599547  2.2883e-06
         632    0.059902   0.0599546  2.2862e-06
         633   0.0598475   0.0599545 2.28884e-06
         634   0.0598218   0.0599542 2.29478e-06
         635   0.0598961   0.0599542 2.29299e-06
         636   0.0598599    0.059954 2.29417e-06
         637   0.0599133   0.0599539 2.29146e-06
         638   0.0599304   0.0599539 2.28817e-06
         639    0.059993    0.059954  2.2854e-06
         640   0.0600709   0.0599541 2.28912e-06
         641   0.0600666   0.0599543 2.29226e-06
         642   0.0599919   0.0599544 2.28944e-06
         643   0.0599992   0.0599545 2.28693e-06
         644   0.0599859   0.0599545  2.2839e-06
         645   0.0600072   0.0599546 2.28182e-06
         646   0.0599638   0.0599546 2.27833e-06
         647   0.0600195   0.0599547 2.27702e-06
         648   0.0599509   0.0599547 2.27352e-06
         649    0.059993   0.0599548 2.27078e-06
         650   0.0599795   0.0599548 2.26761e-06
         651   0.0601247   0.0599551 2.27909e-06
         652   0.0600304   0.0599552 2.27853e-06
         653   0.0600717   0.0599553 2.28201e-06
         654   0.0600534   0.0599555 2.28345e-06
         655   0.0600576   0.0599557 2.28528e-06
         656   0.0599551   0.0599556 2.28179e-06
         657   0.0598799   0.0599555 2.28123e-06
         658   0.0599127   0.0599555 2.27869e-06
         659   0.0599426   0.0599554 2.27532e-06
         660   0.0599142   0.0599554 2.27273e-06
         661   0.0599595   0.0599554  2.2693e-06
         662   0.0599495   0.0599554 2.26589e-06
         663   0.0599049   0.0599553 2.26375e-06
         664   0.0599727   0.0599553  2.2605e-06
         665   0.0599362   0.0599553 2.25728e-06
         666   0.0599676   0.0599553 2.25397e-06
         667   0.0598349   0.0599551  2.2578e-06
         668   0.0599863   0.0599552 2.25491e-06
         669   0.0600072   0.0599553 2.25287e-06
         670   0.0599438   0.0599553 2.24958e-06
         671   0.0599166   0.0599552 2.24696e-06
         672    0.059887   0.0599551 2.24591e-06
         673   0.0599918   0.0599551 2.24323e-06
         674   0.0599137   0.0599551 2.24075e-06
         675   0.0598925    0.059955 2.23935e-06
         676   0.0598714   0.0599549 2.23944e-06
         677   0.0598759   0.0599548 2.23917e-06
         678   0.0598988   0.0599547 2.23739e-06
         679   0.0599614   0.0599547 2.23411e-06
         680   0.0600482   0.0599548 2.23506e-06
         681   0.0598696   0.0599547 2.23527e-06
         682   0.0598615   0.0599546 2.23617e-06
         683   0.0599113   0.0599545 2.23379e-06
         684    0.059882   0.0599544 2.23304e-06
         685   0.0599269   0.0599543 2.23014e-06
         686   0.0599739   0.0599544 2.22707e-06
         687   0.0599032   0.0599543 2.22507e-06
         688   0.0598773   0.0599542 2.22465e-06
         689   0.0598737   0.0599541 2.22449e-06
         690   0.0598973    0.059954 2.22279e-06
         691   0.0600421   0.0599541 2.22323e-06
         692   0.0600205   0.0599542 2.22209e-06
         693    0.060021   0.0599543 2.22097e-06
         694   0.0600848   0.0599545 2.22571e-06
         695    0.060018   0.0599546 2.22439e-06
         696   0.0599108   0.0599545 2.22208e-06
         697   0.0599959   0.0599546 2.21968e-06
         698   0.0599511   0.0599546 2.21651e-06
         699   0.0598889   0.0599545 2.21533e-06
         700   0.0598798   0.0599544 2.21473e-06
         701   0.0599343   0.0599543 2.21176e-06
         702   0.0599541   0.0599543 2.20861e-06
         703    0.059956   0.0599544 2.20547e-06
         704   0.0600971   0.0599546 2.21163e-06
         705   0.0600077   0.0599546 2.20978e-06
         706    0.059957   0.0599546 2.20665e-06
         707   0.0599674   0.0599547  2.2036e-06
         708    0.060039   0.0599548 2.20371e-06
         709   0.0600786   0.0599549 2.20751e-06
         710   0.0599953    0.059955 2.20513e-06
         711   0.0600752   0.0599552 2.20851e-06
         712   0.0600924   0.0599554  2.2138e-06
         713   0.0600814   0.0599555 2.21774e-06
         714   0.0600462   0.0599557 2.21826e-06
         715   0.0600156   0.0599558 2.21674e-06
         716   0.0600237   0.0599558 2.21567e-06
         717   0.0600012   0.0599559 2.21348e-06
         718   0.0600226    0.059956 2.21235e-06
         719    0.059978    0.059956 2.20948e-06
         720   0.0599378    0.059956 2.20656e-06
         721   0.0599023   0.0599559 2.20475e-06
         722     0.05998    0.059956 2.20195e-06
         723   0.0600078    0.059956 2.20007e-06
         724   0.0599388    0.059956 2.19716e-06
         725    0.059959    0.059956 2.19413e-06
         726     0.05997    0.059956  2.1912e-06
         727   0.0599869   0.0599561 2.18859e-06
         728   0.0600177   0.0599562 2.18722e-06
         729   0.0600688   0.0599563 2.18967e-06
         730   0.0599544   0.0599563 2.18667e-06
         731   0.0599256   0.0599563 2.18408e-06
         732   0.0599831   0.0599563  2.1814e-06
         733   0.0600708   0.0599565 2.18402e-06
         734   0.0599637   0.0599565 2.18106e-06
         735   0.0598991   0.0599564 2.17949e-06
         736   0.0600035   0.0599565 2.17747e-06
         737   0.0599777   0.0599565 2.17471e-06
         738   0.0600058   0.0599566 2.17279e-06
         739   0.0599292   0.0599565 2.17017e-06
         740   0.0599037   0.0599565 2.16841e-06
         741   0.0599449   0.0599564 2.16554e-06
         742   0.0599777   0.0599565 2.16281e-06
         743   0.0599977   0.0599565 2.16061e-06
         744   0.0599891   0.0599566 2.15815e-06
         745   0.0599695   0.0599566 2.15532e-06
         746   0.0599678   0.0599566 2.15249e-06
         747   0.0599168   0.0599565 2.15027e-06
         748   0.0599705   0.0599566 2.14747e-06
         749   0.0599439   0.0599565 2.14467e-06
         750   0.0599594   0.0599565 2.14182e-06
         751   0.0599629   0.0599566 2.13898e-06
         752   0.0598843   0.0599565  2.1383e-06
         753   0.0599133   0.0599564 2.13622e-06
         754   0.0599574   0.0599564 2.13339e-06
         755   0.0599413   0.0599564 2.13066e-06
         756   0.0599466   0.0599564 2.12788e-06
         757   0.0599347   0.0599563 2.12526e-06
         758   0.0599625   0.0599563 2.12247e-06
         759   0.0598869   0.0599563 2.12165e-06
         760   0.0599216   0.0599562 2.11935e-06
         761   0.0598513   0.0599561 2.12104e-06
         762   0.0599302    0.059956 2.11853e-06
         763   0.0599452    0.059956  2.1158e-06
         764   0.0600513   0.0599562  2.1167e-06
         765   0.0599395   0.0599561 2.11404e-06
         766   0.0598896    0.059956 2.11306e-06
         767   0.0599089    0.059956  2.1112e-06
         768   0.0599608    0.059956 2.10846e-06
         769   0.0600279   0.0599561 2.10779e-06
         770   0.0600829   0.0599562 2.11148e-06
         771     0.06012   0.0599565  2.1194e-06
         772   0.0600738   0.0599566 2.12209e-06
         773   0.0600265   0.0599567 2.12127e-06
         774   0.0600664   0.0599568 2.12325e-06
         775   0.0601248   0.0599571 2.13155e-06
         776   0.0600527   0.0599572 2.13236e-06
         777   0.0599817   0.0599572 2.12985e-06
         778   0.0600674   0.0599574 2.13182e-06
         779   0.0600015   0.0599574 2.12983e-06
         780   0.0600022   0.0599575 2.12788e-06
         781   0.0599077   0.0599574  2.1261e-06
         782   0.0599732   0.0599574 2.12348e-06
         783   0.0599901   0.0599575 2.12118e-06
         784    0.059944   0.0599575 2.11854e-06
         785   0.0598919   0.0599574 2.11749e-06
         786   0.0599293   0.0599573  2.1151e-06
         787   0.0599148   0.0599573  2.1131e-06
         788   0.0599762   0.0599573 2.11055e-06
         789   0.0600363   0.0599574 2.11025e-06
         790   0.0600344   0.0599575 2.10983e-06
         791   0.0600236   0.0599576 2.10882e-06
         792   0.0599529   0.0599576 2.10616e-06
         793   0.0599194   0.0599575 2.10406e-06
         794   0.0598878   0.0599574 2.10324e-06
         795   0.0599591   0.0599574  2.1006e-06
         796   0.0599698   0.0599575 2.09802e-06
         797   0.0600527   0.0599576 2.09878e-06
         798   0.0600002   0.0599576 2.09683e-06
         799   0.0599885   0.0599577 2.09456e-06
         800   0.0600636   0.0599578 2.09612e-06
         801   0.0600121   0.0599579  2.0946e-06
         802   0.0599418   0.0599578 2.09209e-06
         803   0.0599508   0.0599578  2.0895e-06
         804   0.0599267   0.0599578 2.08726e-06
         805   0.0599162   0.0599578 2.08531e-06
         806   0.0598951   0.0599577 2.08417e-06
         807   0.0599064   0.0599576 2.08255e-06
         808   0.0601767   0.0599579 2.09756e-06
         809   0.0599781   0.0599579 2.09511e-06
         810   0.0599605   0.0599579 2.09253e-06
         811   0.0599872   0.0599579 2.09026e-06
         812    0.059994    0.059958 2.08816e-06
         813   0.0600597   0.0599581 2.08933e-06
         814   0.0599994   0.0599582 2.08738e-06
         815   0.0600346   0.0599583 2.08693e-06
         816   0.0601014   0.0599584 2.09173e-06
         817   0.0600166   0.0599585 2.09038e-06
         818    0.059917   0.0599585 2.08844e-06
         819   0.0599172   0.0599584  2.0865e-06
         820   0.0599509   0.0599584 2.08397e-06
         821    0.059957   0.0599584 2.08144e-06
         822   0.0600535   0.0599585 2.08211e-06
         823   0.0599535   0.0599585 2.07959e-06
         824   0.0599567   0.0599585 2.07707e-06
         825   0.0599727   0.0599585 2.07462e-06
         826    0.059948   0.0599585 2.07215e-06
         827   0.0599747   0.0599585 2.06974e-06
         828   0.0599706   0.0599585 2.06729e-06
         829   0.0599975   0.0599586 2.06533e-06
         830   0.0600094   0.0599586 2.06375e-06
         831   0.0599254   0.0599586 2.06165e-06
         832   0.0599492   0.0599586 2.05921e-06
         833   0.0600133   0.0599587 2.05778e-06
         834    0.060042   0.0599588 2.05774e-06
         835   0.0599408   0.0599587 2.05539e-06
         836    0.059899   0.0599587 2.05417e-06
         837    0.059901   0.0599586 2.05287e-06
         838   0.0600029   0.0599587  2.0511e-06
         839   0.0600729   0.0599588 2.05317e-06
         840   0.0600472   0.0599589 2.05343e-06
         841   0.0599827   0.0599589 2.05118e-06
         842   0.0600515    0.059959 2.05169e-06
         843   0.0600402   0.0599591 2.05151e-06
         844   0.0600145   0.0599592 2.05013e-06
         845   0.0600039   0.0599592 2.04839e-06
         846   0.0599544   0.0599592 2.04598e-06
         847   0.0599085   0.0599592 2.04443e-06
         848   0.0599021   0.0599591 2.04313e-06
         849   0.0599543   0.0599591 2.04073e-06
         850   0.0599292   0.0599591 2.03864e-06
         851   0.0599603   0.0599591 2.03624e-06
         852   0.0599264    0.059959 2.03421e-06
         853   0.0600039   0.0599591 2.03251e-06
         854   0.0599226    0.059959 2.03057e-06
         855   0.0599141    0.059959 2.02888e-06
         856   0.0599406    0.059959 2.02662e-06
         857   0.0600412   0.0599591 2.02653e-06
         858   0.0599684   0.0599591 2.02419e-06
         859   0.0600285   0.0599592 2.02345e-06
         860   0.0599053   0.0599591 2.02207e-06
         861   0.0599481   0.0599591 2.01976e-06
         862   0.0599759   0.0599591 2.01751e-06
         863   0.0598897    0.059959 2.01677e-06
         864   0.0599181    0.059959   2.015e-06
         865   0.0600097    0.059959 2.01352e-06
         866   0.0600275   0.0599591 2.01274e-06
         867   0.0600548   0.0599592 2.01344e-06
         868   0.0599909   0.0599593 2.01145e-06
         869   0.0599862   0.0599593 2.00938e-06
         870   0.0599499   0.0599593  2.0071e-06
         871   0.0600839   0.0599594 2.00989e-06
         872   0.0599861   0.0599595 2.00781e-06
         873   0.0599771   0.0599595 2.00562e-06
         874   0.0600421   0.0599596 2.00555e-06
         875    0.060038   0.0599597 2.00526e-06
         876   0.0600591   0.0599598 2.00618e-06
         877   0.0599988   0.0599598 2.00439e-06
         878   0.0599104   0.0599598  2.0029e-06
         879   0.0599496   0.0599598 2.00065e-06
         880   0.0599614   0.0599598 1.99838e-06
         881   0.0600229   0.0599598  1.9974e-06
         882   0.0600136   0.0599599 1.99606e-06
         883   0.0599499   0.0599599 1.99383e-06
         884   0.0600454     0.05996 1.99392e-06
         885   0.0598677   0.0599599 1.99439e-06
         886   0.0599524   0.0599599 1.99216e-06
         887   0.0599623   0.0599599 1.98992e-06
         888    0.059926   0.0599598 1.98804e-06
         889    0.060024   0.0599599 1.98712e-06
         890   0.0599471   0.0599599 1.98494e-06
         891   0.0599223   0.0599598 1.98316e-06
         892   0.0598476   0.0599597 1.98492e-06
         893   0.0598757   0.0599596 1.98493e-06
         894   0.0598287   0.0599595  1.9881e-06
         895   0.0598607   0.0599594 1.98894e-06
         896   0.0598541   0.0599592 1.99019e-06
         897    0.059832   0.0599591 1.99301e-06
         898   0.0598401    0.059959 1.99519e-06
         899   0.0598306   0.0599588 1.99807e-06
         900   0.0598647   0.0599587 1.99859e-06
         901   0.0599203   0.0599587 1.99683e-06
         902   0.0598907   0.0599586 1.99604e-06
         903    0.059899   0.0599585 1.99492e-06
         904   0.0599206   0.0599585 1.99315e-06
         905   0.0600082   0.0599586 1.99171e-06
         906   0.0600086   0.0599586 1.99027e-06
         907   0.0599588   0.0599586 1.98808e-06
         908   0.0599968   0.0599586 1.98634e-06
         909   0.0599205   0.0599586 1.98459e-06
         910   0.0599572   0.0599586 1.98241e-06
         911   0.0598974   0.0599585 1.98138e-06
         912   0.0599573   0.0599585  1.9792e-06
         913   0.0599317   0.0599585 1.97725e-06
         914   0.0599043   0.0599584 1.97598e-06
         915   0.0599527   0.0599584 1.97383e-06
         916    0.059854   0.0599583 1.97497e-06
         917   0.0598562   0.0599582 1.97595e-06
         918    0.059913   0.0599582 1.97441e-06
         919   0.0598561   0.0599581 1.97539e-06
         920   0.0598862    0.059958 1.97478e-06
         921   0.0598788   0.0599579 1.97451e-06
         922   0.0598764   0.0599578 1.97434e-06
         923   0.0599351   0.0599578 1.97236e-06
         924   0.0600052   0.0599578 1.97089e-06
         925   0.0600103   0.0599579 1.96958e-06
         926   0.0599816   0.0599579 1.96762e-06
         927   0.0601174   0.0599581   1.973e-06
         928   0.0600735   0.0599582 1.97479e-06
         929   0.0599931   0.0599582 1.97302e-06
         930   0.0599634   0.0599583 1.97091e-06
         931   0.0600092   0.0599583 1.96955e-06
         932   0.0599858   0.0599583 1.96766e-06
         933   0.0599919   0.0599584 1.96588e-06
         934   0.0600414   0.0599585 1.96578e-06
         935   0.0600017   0.0599585 1.96422e-06
         936    0.059945   0.0599585 1.96218e-06
         937   0.0599688   0.0599585 1.96011e-06
         938    0.059966   0.0599585 1.95804e-06
         939   0.0599475   0.0599585 1.95599e-06
         940   0.0599815   0.0599585 1.95406e-06
         941   0.0599972   0.0599586 1.95242e-06
         942   0.0600164   0.0599586 1.95131e-06
         943   0.0599872   0.0599587 1.94948e-06
         944   0.0599339   0.0599586 1.94759e-06
         945   0.0599195   0.0599586 1.94597e-06
         946   0.0599196   0.0599585 1.94435e-06
         947   0.0599605   0.0599586 1.94229e-06
         948   0.0599916   0.0599586 1.94056e-06
         949   0.0600026   0.0599586 1.93907e-06
         950   0.0599154   0.0599586 1.93756e-06
         951   0.0599261   0.0599586 1.93582e-06
         952   0.0599135   0.0599585 1.93437e-06
         953   0.0599332   0.0599585 1.93252e-06
         954   0.0599427   0.0599585 1.93057e-06
         955    0.060011   0.0599585 1.92933e-06
         956   0.0599105   0.0599585 1.92797e-06
         957   0.0599539   0.0599585 1.92596e-06
         958   0.0600788   0.0599586 1.92804e-06
         959   0.0600356   0.0599587  1.9277e-06
         960     0.05998   0.0599587 1.92582e-06
         961   0.0600747   0.0599588 1.92759e-06
         962   0.0599969   0.0599589   1.926e-06
         963   0.0600158   0.0599589 1.92491e-06
         964   0.0599638   0.0599589 1.92292e-06
         965   0.0599957    0.059959  1.9213e-06
         966    0.060073   0.0599591 1.92293e-06
         967   0.0600191   0.0599591 1.92195e-06
         968   0.0601249   0.0599593 1.92757e-06
         969   0.0599514   0.0599593  1.9256e-06
         970   0.0599295   0.0599593 1.92386e-06
         971   0.0599058   0.0599592 1.92267e-06
         972   0.0599651   0.0599592  1.9207e-06
         973   0.0598952   0.0599592 1.91985e-06
         974   0.0599609   0.0599592 1.91788e-06
         975   0.0599434   0.0599591 1.91598e-06
         976   0.0599957   0.0599592 1.91438e-06
         977   0.0599641   0.0599592 1.91243e-06
         978   0.0599006   0.0599591 1.91141e-06
         979   0.0599187   0.0599591 1.90991e-06
         980   0.0599129    0.059959 1.90854e-06
         981   0.0599191    0.059959 1.90703e-06
         982   0.0599202   0.0599589  1.9055e-06
         983   0.0599059   0.0599589 1.90432e-06
         984   0.0599073   0.0599588 1.90311e-06
         985   0.0598977   0.0599588 1.90219e-06
         986   0.0599248   0.0599587 1.90057e-06
         987   0.0599177   0.0599587  1.8991e-06
         988   0.0598412   0.0599586  1.9009e-06
         989   0.0598688   0.0599585 1.90114e-06
         990    0.059945   0.0599585 1.89927e-06
         991   0.0599665   0.0599585 1.89737e-06
         992   0.0598857   0.0599584 1.89688e-06
         993   0.0598839   0.0599583 1.89645e-06
         994   0.0599325   0.0599583 1.89472e-06
         995   0.0599884   0.0599583 1.89306e-06
         996   0.0599048   0.0599583 1.89192e-06
         997   0.0599449   0.0599583 1.89007e-06
         998   0.0598752   0.0599582 1.89001e-06
         999   0.0599265   0.0599582 1.88838e-06
        1000   0.0598832   0.0599581 1.88798e-06
