           1    -6.59395    -6.59395           0
           2    -6.49537    -6.54466   0.0348533
           3    -6.39229    -6.49387   0.0475373
           4    -6.33035    -6.45299   0.0502449
           5     -6.3027    -6.42293   0.0483582
           6    -6.17707    -6.38195   0.0549842
           7    -6.09389     -6.3408   0.0606028
           8    -6.02989    -6.30194   0.0642927
           9     -6.0186    -6.27046   0.0643971
          10    -5.91133    -6.23454   0.0672296
          11    -5.96457       -6.21   0.0654446
          12     -6.0126    -6.19355   0.0620239
          13    -5.91653    -6.17224   0.0608033
          14    -5.83218    -6.14795   0.0611198
          15    -5.80705    -6.12522   0.0611246
          16    -5.88283    -6.11007   0.0591518
          17    -5.91336     -6.0985   0.0567929
          18     -5.8947    -6.08718   0.0547548
          19    -5.89629    -6.07713   0.0527866
          20    -5.86265    -6.06641   0.0512251
          21    -5.79229    -6.05336   0.0504216
          22     -5.7576    -6.03991   0.0498896
          23    -5.87675    -6.03282   0.0482223
          24    -5.91919    -6.02808   0.0464449
          25    -5.91122    -6.02341   0.0448217
          26    -5.76631    -6.01352   0.0441751
          27    -5.88147    -6.00863   0.0428089
          28    -5.78893    -6.00078   0.0419929
          29    -5.77418    -5.99297   0.0412654
          30    -5.76834    -5.98548   0.0405635
          31    -5.74588    -5.97775   0.0399846
          32    -5.78997    -5.97189   0.0391633
          33    -5.88316     -5.9692   0.0380687
          34    -5.88204    -5.96663   0.0370353
          35    -5.85702     -5.9635   0.0361093
          36    -5.79518    -5.95883   0.0354077
          37    -5.71194    -5.95215   0.0350738
          38    -5.79297    -5.94796   0.0344001
          39    -5.79052    -5.94393   0.0337541
          40    -5.69992    -5.93783   0.0334569
          41    -5.56466    -5.92873   0.0338563
          42    -5.47938    -5.91803   0.0346994
          43    -5.63329     -5.9114   0.0345185
          44    -5.66604    -5.90583   0.0341814
          45    -5.66826    -5.90055   0.0338271
          46    -5.73359    -5.89692   0.0332859
          47    -5.87109    -5.89637   0.0325822
          48    -5.86259    -5.89567    0.031911
          49    -5.80492    -5.89381   0.0313134
          50    -5.76846    -5.89131   0.0307874
          51    -5.84797    -5.89046   0.0301954
          52    -5.79847    -5.88869   0.0296665
          53    -5.90323    -5.88896    0.029108
          54    -5.95992    -5.89028   0.0285986
          55    -5.93489    -5.89109   0.0280902
          56     -5.8698    -5.89071   0.0275911
          57    -5.79996    -5.88912    0.027153
          58    -5.71727    -5.88615    0.026846
          59    -5.67967    -5.88265   0.0266181
          60    -5.71877    -5.87992   0.0263142
          61    -5.73745    -5.87759   0.0259863
          62    -5.71168    -5.87491   0.0257046
          63    -5.70683    -5.87224   0.0254346
          64    -5.70206    -5.86958   0.0251758
          65    -5.78894    -5.86834   0.0248191
          66    -5.75135    -5.86657   0.0245062
          67     -5.7652    -5.86506   0.0241871
          68    -5.84406    -5.86475   0.0238334
          69    -5.79439    -5.86373   0.0235098
          70    -5.76254    -5.86228   0.0232183
          71    -5.74897    -5.86069   0.0229461
          72    -5.75355     -5.8592   0.0226756
          73    -5.89346    -5.85967   0.0223698
          74    -5.81464    -5.85906   0.0220758
          75    -5.69655    -5.85689   0.0218876
          76    -5.72866    -5.85521   0.0216645
          77    -5.69206    -5.85309   0.0214865
          78    -5.70707    -5.85122   0.0212924
          79    -5.63911    -5.84853   0.0211915
          80    -5.68553    -5.84649   0.0210243
          81    -5.77483    -5.84561   0.0207834
          82     -5.7919    -5.84495   0.0205402
          83    -5.78095    -5.84418   0.0203072
          84    -5.78888    -5.84352   0.0200762
          85    -5.79061     -5.8429   0.0198496
          86    -5.82966    -5.84275   0.0196194
          87    -5.75106    -5.84169   0.0194222
          88    -5.85719    -5.84187   0.0192023
          89    -5.83808    -5.84183   0.0189866
          90    -5.81856    -5.84157   0.0187774
          91    -5.74454     -5.8405   0.0186013
          92    -5.76539    -5.83969    0.018417
          93    -5.79683    -5.83922   0.0182247
          94    -5.74983    -5.83827   0.0180556
          95    -5.66906    -5.83649   0.0179532
          96    -5.63895    -5.83443   0.0178837
          97    -5.69668    -5.83301   0.0177557
          98    -5.68366    -5.83149   0.0176398
          99    -5.71956    -5.83036   0.0174978
         100    -5.69602    -5.82902   0.0173743
         101    -5.70728    -5.82781    0.017244
         102     -5.7127    -5.82668   0.0171119
         103    -5.62993    -5.82477    0.017052
         104    -5.63958    -5.82299   0.0169808
         105    -5.67212    -5.82155   0.0168797
         106    -5.72784    -5.82067   0.0167436
         107    -5.63473    -5.81893   0.0166771
         108    -5.59491    -5.81686   0.0166512
         109    -5.60703    -5.81493   0.0166093
         110    -5.65134    -5.81345   0.0165248
         111    -5.67143    -5.81217   0.0164254
         112    -5.71458     -5.8113   0.0163018
         113    -5.74639    -5.81072   0.0161676
         114    -5.62511    -5.80909   0.0161076
         115    -5.60957    -5.80736   0.0160607
         116     -5.4817    -5.80455   0.0161658
         117    -5.61911    -5.80297   0.0161051
         118    -5.55031    -5.80082   0.0161103
         119    -5.61125    -5.79923   0.0160535
         120    -5.56104    -5.79725    0.016042
         121    -5.54234    -5.79514   0.0160471
         122    -5.57661    -5.79335   0.0160152
         123    -5.59128    -5.79171   0.0159691
         124    -5.58053       -5.79   0.0159308
         125    -5.54002      -5.788   0.0159284
         126    -5.59766    -5.78649   0.0158735
         127    -5.58717    -5.78492   0.0158259
         128    -5.65027    -5.78387   0.0157372
         129    -5.63876    -5.78275   0.0156553
         130    -5.65867    -5.78179    0.015564
         131    -5.61686    -5.78053    0.015496
         132    -5.65391    -5.77957   0.0154083
         133    -5.66191    -5.77869   0.0153178
         134    -5.61726    -5.77748   0.0152508
         135    -5.62714    -5.77637   0.0151784
         136    -5.69778    -5.77579   0.0150778
         137    -5.62689    -5.77471   0.0150069
         138    -5.75705    -5.77458   0.0148987
         139    -5.77473    -5.77458   0.0147915
         140    -5.74258    -5.77435   0.0146876
         141    -5.76616    -5.77429   0.0145836
         142    -5.71323    -5.77386   0.0144872
         143    -5.59938    -5.77264   0.0144372
         144    -5.75877    -5.77255   0.0143372
         145    -5.71791    -5.77217   0.0142433
         146    -5.63106     -5.7712   0.0141785
         147    -5.74103      -5.771   0.0140836
         148    -5.77888    -5.77105   0.0139885
         149    -5.75612    -5.77095    0.013895
         150     -5.6893    -5.77041    0.013813
         151    -5.72302    -5.77009   0.0137251
         152    -5.67352    -5.76946   0.0136495
         153    -5.59207     -5.7683   0.0136094
         154    -5.62827    -5.76739   0.0135514
         155    -5.55399    -5.76601   0.0135337
         156    -5.66709    -5.76538   0.0134618
         157    -5.69134    -5.76491   0.0133843
         158     -5.7617    -5.76489   0.0132996
         159    -5.73308    -5.76469   0.0132175
         160    -5.78425    -5.76481   0.0131354
         161    -5.80502    -5.76506   0.0130562
         162    -5.77959    -5.76515   0.0129759
         163    -5.77496    -5.76521   0.0128965
         164    -5.68478    -5.76472   0.0128272
         165    -5.74551     -5.7646   0.0127499
         166    -5.72118    -5.76434   0.0126758
         167    -5.73177    -5.76414   0.0126014
         168    -5.69114    -5.76371   0.0125339
         169    -5.72556    -5.76348   0.0124618
         170    -5.72638    -5.76327   0.0123904
         171     -5.7202    -5.76301   0.0123205
         172    -5.72582     -5.7628   0.0122507
         173    -5.73492    -5.76264    0.012181
         174    -5.67131    -5.76211   0.0121223
         175    -5.66217    -5.76154   0.0120665
         176    -5.61514    -5.76071   0.0120265
         177    -5.60052     -5.7598   0.0119926
         178    -5.52238    -5.75847   0.0119992
         179    -5.67658    -5.75801   0.0119408
         180    -5.66976    -5.75752   0.0118846
         181    -5.62833    -5.75681   0.0118403
         182    -5.62928    -5.75611    0.011796
         183    -5.63477    -5.75544   0.0117501
         184    -5.68448    -5.75506   0.0116926
         185    -5.56891    -5.75405   0.0116726
         186    -5.56759    -5.75305   0.0116528
         187    -5.58435    -5.75215   0.0116254
         188    -5.56531    -5.75115    0.011606
         189    -5.65768    -5.75066   0.0115551
         190    -5.64058    -5.75008   0.0115088
         191    -5.63417    -5.74947   0.0114645
         192    -5.70803    -5.74926   0.0114068
         193    -5.64053    -5.74869   0.0113616
         194    -5.65856    -5.74823   0.0113126
         195    -5.58097    -5.74737    0.011287
         196    -5.51315    -5.74618   0.0112925
         197    -5.49132    -5.74488    0.011309
         198    -5.50862    -5.74369   0.0113147
         199    -5.52453    -5.74259   0.0113113
         200    -5.54023    -5.74158   0.0112999
         201    -5.61963    -5.74097     0.01126
         202    -5.61082    -5.74033   0.0112227
         203    -5.60922    -5.73968   0.0111859
         204    -5.66135     -5.7393   0.0111377
         205    -5.60918    -5.73866   0.0111014
         206    -5.54198    -5.73771   0.0110885
         207    -5.51776    -5.73664   0.0110857
         208    -5.54773    -5.73574   0.0110696
         209    -5.44075    -5.73432   0.0111062
         210    -5.45092    -5.73297    0.011135
         211    -5.48995    -5.73182   0.0111417
         212    -5.61366    -5.73127   0.0111031
         213     -5.5612    -5.73047   0.0110796
         214    -5.67679    -5.73022   0.0110307
         215    -5.71177    -5.73013   0.0109797
         216    -5.63347    -5.72968    0.010938
         217    -5.57275    -5.72896   0.0109115
         218    -5.64809    -5.72859   0.0108677
         219    -5.72132    -5.72856   0.0108181
         220    -5.66675    -5.72827   0.0107726
         221    -5.56235    -5.72752     0.01075
         222    -5.52044    -5.72659    0.010742
         223    -5.58024    -5.72593   0.0107138
         224     -5.4881    -5.72487   0.0107185
         225    -5.40511    -5.72345   0.0107646
         226    -5.37054    -5.72189   0.0108297
         227    -5.30744    -5.72006   0.0109348
         228    -5.21554    -5.71785   0.0111085
         229    -5.21102    -5.71564   0.0112783
         230    -5.29057    -5.71379   0.0113797
         231    -5.32329     -5.7121   0.0114553
         232    -5.39379    -5.71073   0.0114878
         233    -5.33087     -5.7091   0.0115536
         234    -5.47468     -5.7081   0.0115476
         235    -5.41818    -5.70686   0.0115641
         236    -5.28443    -5.70507   0.0116528
         237    -5.36386    -5.70363   0.0116923
         238    -5.22998    -5.70164   0.0118113
         239    -5.18209    -5.69947   0.0119603
         240    -5.29528    -5.69778   0.0120284
         241    -5.34038     -5.6963   0.0120696
         242    -5.42199    -5.69517   0.0120728
         243    -5.36997    -5.69383   0.0120971
         244    -5.37605    -5.69253   0.0121174
         245    -5.45734    -5.69157   0.0121059
         246    -5.42952     -5.6905   0.0121035
         247    -5.48004    -5.68965   0.0120844
         248    -5.46149    -5.68873   0.0120707
         249    -5.42427    -5.68767   0.0120688
         250    -5.36389    -5.68637   0.0120898
         251     -5.3372    -5.68498   0.0121214
         252    -5.38706     -5.6838   0.0121309
         253    -5.52071    -5.68315      0.0121
         254    -5.56621    -5.68269   0.0120611
         255    -5.52396    -5.68207   0.0120299
         256    -5.48382     -5.6813   0.0120078
         257    -5.52109    -5.68067   0.0119773
         258    -5.43913    -5.67974   0.0119674
         259    -5.52299    -5.67913   0.0119365
         260    -5.53294    -5.67857   0.0119038
         261    -5.52279    -5.67797   0.0118731
         262    -5.60005    -5.67768   0.0118315
         263    -5.55984    -5.67723    0.011795
         264     -5.5646     -5.6768   0.0117581
         265    -5.46669    -5.67601   0.0117404
         266    -5.49342    -5.67532   0.0117163
         267     -5.5515    -5.67486   0.0116816
         268    -5.54245    -5.67436   0.0116485
         269    -5.54912     -5.6739   0.0116145
         270    -5.50339    -5.67327   0.0115886
         271    -5.48892    -5.67259   0.0115658
         272    -5.48362    -5.67189   0.0115441
         273    -5.55131    -5.67145   0.0115103
         274    -5.60628    -5.67121   0.0114707
         275    -5.55411    -5.67079   0.0114369
         276    -5.47579    -5.67008   0.0114173
         277    -5.48199     -5.6694   0.0113962
         278    -5.52863    -5.66889   0.0113665
         279     -5.4601    -5.66815   0.0113503
         280    -5.50474    -5.66756   0.0113248
         281    -5.50225    -5.66697   0.0112998
         282    -5.50444     -5.6664   0.0112744
         283    -5.42296    -5.66554   0.0112673
         284    -5.44485    -5.66476   0.0112544
         285    -5.42683    -5.66393   0.0112458
         286    -5.39161    -5.66297   0.0112468
         287    -5.42765    -5.66215   0.0112374
         288    -5.38003    -5.66117    0.011241
         289    -5.47771    -5.66054     0.01122
         290    -5.51097    -5.66002   0.0111932
         291    -5.55969    -5.65968     0.01116
         292    -5.49251    -5.65911   0.0111365
         293    -5.47525    -5.65848   0.0111161
         294    -5.50779    -5.65797   0.0110901
         295    -5.48625    -5.65738   0.0110678
         296    -5.51458     -5.6569   0.0110409
         297    -5.50894     -5.6564    0.011015
         298    -5.59698     -5.6562   0.0109798
         299    -5.61756    -5.65608   0.0109439
         300    -5.55178    -5.65573   0.0109129
         301    -5.50648    -5.65523   0.0108879
         302    -5.39943    -5.65438   0.0108848
         303    -5.51109    -5.65391   0.0108591
         304    -5.52066    -5.65347   0.0108322
         305    -5.41434    -5.65269   0.0108251
         306    -5.39053    -5.65183   0.0108235
         307     -5.4152    -5.65106   0.0108157
         308    -5.48506    -5.65052    0.010794
         309    -5.54927     -5.6502    0.010764
         310    -5.42378    -5.64946   0.0107541
         311    -5.46776    -5.64888   0.0107353
         312    -5.48571    -5.64836   0.0107137
         313    -5.49286    -5.64786   0.0106909
         314    -5.52373    -5.64747   0.0106642
         315    -5.49201    -5.64697   0.0106418
         316    -5.47617    -5.64643   0.0106218
         317    -5.45824    -5.64584   0.0106049
         318    -5.56487    -5.64558   0.0105746
         319    -5.67353    -5.64567   0.0105418
         320    -5.65382     -5.6457   0.0105089
         321    -5.60709    -5.64558   0.0104768
         322    -5.53883    -5.64524   0.0104495
         323    -5.59302    -5.64508   0.0104184
         324    -5.58243    -5.64489   0.0103881
         325    -5.62317    -5.64482   0.0103563
         326    -5.62213    -5.64475   0.0103248
         327    -5.62412    -5.64469   0.0102934
         328    -5.58031    -5.64449   0.0102639
         329    -5.62814    -5.64444   0.0102328
         330    -5.69019    -5.64458   0.0102028
         331    -5.58696    -5.64441   0.0101734
         332    -5.58745    -5.64424   0.0101442
         333    -5.64509    -5.64424   0.0101138
         334    -5.60876    -5.64413    0.010084
         335    -5.62482    -5.64408   0.0100541
         336    -5.53742    -5.64376   0.0100292
         337    -5.61931    -5.64369  0.00999968
         338    -5.59471    -5.64354  0.00997115
         339    -5.53207    -5.64321  0.00994716
         340    -5.50851    -5.64282  0.00992579
         341    -5.50497    -5.64241  0.00990491
         342    -5.34124    -5.64153  0.00991501
         343    -5.36895    -5.64074   0.0099179
         344    -5.53209    -5.64042   0.0098941
         345    -5.57068    -5.64022  0.00986749
         346    -5.51544    -5.63986  0.00984555
         347    -5.51362    -5.63949   0.0098239
         348    -5.43232     -5.6389  0.00981369
         349     -5.4239    -5.63828  0.00980489
         350    -5.39618    -5.63759  0.00980125
         351    -5.42428    -5.63698  0.00979214
         352    -5.44233    -5.63643  0.00977993
         353    -5.39105    -5.63573  0.00977689
         354    -5.36659    -5.63497  0.00977879
         355    -5.34547    -5.63416  0.00978519
         356    -5.37507    -5.63343  0.00978473
         357    -5.41541    -5.63282  0.00977636
         358    -5.33016    -5.63197  0.00978554
         359    -5.28525    -5.63101  0.00980583
         360    -5.33097    -5.63018  0.00981395
         361    -5.33789    -5.62937   0.0098201
         362     -5.2602    -5.62835  0.00984579
         363     -5.3426    -5.62756  0.00985008
         364    -5.35169     -5.6268  0.00985213
         365       -5.35    -5.62604  0.00985428
         366    -5.18002    -5.62482  0.00990243
         367    -5.23071    -5.62375   0.0099335
         368    -5.31608    -5.62291  0.00994163
         369    -5.33504    -5.62213  0.00994525
         370    -5.34535    -5.62139  0.00994647
         371    -5.34896    -5.62065  0.00994673
         372    -5.29006    -5.61976  0.00995961
         373    -5.33512      -5.619   0.0099621
         374    -5.29148    -5.61812  0.00997388
         375    -5.22711    -5.61708   0.0100016
         376    -5.29067    -5.61621   0.0100126
         377    -5.35508    -5.61552     0.01001
         378    -5.38234     -5.6149   0.0100025
         379    -5.42863    -5.61441   0.0099882
         380    -5.38511    -5.61381  0.00998012
         381     -5.2979    -5.61298  0.00998831
         382    -5.35071    -5.61229  0.00998573
         383    -5.44715    -5.61186  0.00996896
         384    -5.38595    -5.61127  0.00996035
         385    -5.38646    -5.61069  0.00995158
         386    -5.32002    -5.60994  0.00995425
         387    -5.40064     -5.6094  0.00994321
         388    -5.40219    -5.60886  0.00993191
         389    -5.32566    -5.60813  0.00993302
         390    -5.29573    -5.60733   0.0099398
         391     -5.3206     -5.6066   0.0099414
         392    -5.39507    -5.60606  0.00993067
         393    -5.43261    -5.60562   0.0099152
         394    -5.39206    -5.60508  0.00990484
         395    -5.45362    -5.60469  0.00988718
         396     -5.4055    -5.60419    0.009875
         397    -5.45019     -5.6038  0.00985775
         398    -5.45319    -5.60342  0.00984024
         399    -5.45413    -5.60305  0.00982269
         400    -5.42989    -5.60262  0.00980767
         401    -5.49924    -5.60236   0.0097866
         402    -5.50808    -5.60212  0.00976506
         403    -5.45141    -5.60175  0.00974799
         404    -5.43896    -5.60135  0.00973218
         405    -5.41957     -5.6009   0.0097185
         406    -5.41302    -5.60044  0.00970557
         407    -5.32078    -5.59975  0.00970602
         408      -5.275    -5.59895  0.00971481
         409    -5.36795    -5.59839  0.00970746
         410    -5.38342    -5.59786  0.00969793
         411    -5.36256    -5.59729  0.00969122
         412    -5.51349    -5.59709  0.00966983
         413    -5.52388    -5.59691  0.00964805
         414    -5.51651    -5.59672   0.0096267
         415    -5.44825    -5.59636  0.00961014
         416    -5.42322    -5.59594  0.00959605
         417    -5.39921    -5.59547  0.00958463
         418    -5.41136    -5.59503  0.00957181
         419    -5.42791    -5.59463  0.00955728
         420    -5.42829    -5.59424  0.00954272
         421    -5.39022    -5.59375  0.00953235
         422    -5.38516    -5.59326  0.00952257
         423    -5.38926    -5.59277  0.00951226
         424    -5.43734    -5.59241  0.00949689
         425    -5.41579    -5.59199  0.00948363
         426     -5.5042    -5.59179  0.00946361
         427     -5.4081    -5.59136  0.00945122
         428    -5.47906    -5.59109  0.00943278
         429    -5.47097    -5.59081  0.00941495
         430    -5.51641    -5.59064  0.00939464
         431    -5.54975    -5.59055  0.00937332
         432    -5.39881     -5.5901  0.00936213
         433    -5.43753    -5.58975  0.00934713
         434    -5.35488    -5.58921  0.00934125
         435    -5.37754    -5.58872  0.00933244
         436    -5.40813    -5.58831  0.00932022
         437    -5.42823    -5.58794  0.00930609
         438    -5.54593    -5.58784  0.00928534
         439     -5.5316    -5.58772  0.00926507
         440    -5.53582     -5.5876  0.00924476
         441    -5.46597    -5.58732  0.00922791
         442     -5.4819    -5.58708  0.00921012
         443    -5.54587    -5.58699   0.0091898
         444    -5.63713     -5.5871  0.00916979
         445    -5.69813    -5.58735  0.00915258
         446    -5.62948    -5.58745  0.00913255
         447    -5.60146    -5.58748  0.00911217
         448    -5.50722     -5.5873  0.00909359
         449    -5.56018    -5.58724  0.00907354
         450    -5.44248    -5.58692  0.00905908
         451    -5.45487    -5.58663  0.00904372
         452    -5.52983     -5.5865  0.00902458
         453    -5.53253    -5.58638  0.00900545
         454    -5.57028    -5.58635  0.00898568
         455    -5.59857    -5.58637  0.00896597
         456    -5.53712    -5.58626  0.00894696
         457    -5.58823    -5.58627  0.00892739
         458    -5.51289    -5.58611  0.00890933
         459    -5.50956    -5.58594  0.00889148
         460    -5.53971    -5.58584  0.00887272
         461     -5.5395    -5.58574  0.00885404
         462    -5.44834    -5.58544  0.00883987
         463    -5.41527    -5.58508  0.00882842
         464    -5.44285    -5.58477  0.00881471
         465    -5.51168    -5.58461  0.00879715
         466     -5.4708    -5.58437  0.00878167
         467     -5.4902    -5.58417  0.00876518
         468    -5.55058    -5.58409  0.00874674
         469    -5.53229    -5.58398  0.00872879
         470    -5.46092    -5.58372  0.00871414
         471    -5.42659    -5.58339  0.00870203
         472    -5.36205    -5.58292  0.00869621
         473     -5.2632    -5.58224  0.00870406
         474    -5.44911    -5.58196  0.00869023
         475    -5.52027    -5.58183   0.0086729
         476    -5.44002    -5.58153   0.0086598
         477    -5.44802    -5.58125  0.00864617
         478    -5.42887    -5.58094  0.00863395
         479    -5.33728    -5.58043   0.0086309
         480    -5.36284    -5.57997  0.00862481
         481    -5.28457    -5.57936  0.00862872
         482    -5.28807    -5.57876  0.00863196
         483    -5.33519    -5.57825   0.0086288
         484    -5.30274    -5.57768  0.00862973
         485     -5.3893    -5.57729  0.00862067
         486    -5.46082    -5.57705  0.00860627
         487     -5.4382    -5.57677  0.00859332
         488    -5.50119    -5.57661   0.0085771
         489    -5.50439    -5.57647  0.00856083
         490    -5.49141    -5.57629  0.00854512
         491    -5.47975     -5.5761  0.00852998
         492    -5.53411    -5.57601  0.00851307
         493    -5.49618    -5.57585  0.00849734
         494    -5.44014    -5.57557  0.00848458
         495    -5.46639    -5.57535  0.00847031
         496    -5.46923    -5.57514  0.00845593
         497    -5.47701    -5.57494  0.00844122
         498    -5.39792    -5.57459  0.00843175
         499    -5.47558    -5.57439  0.00841719
         500    -5.47953     -5.5742  0.00840249
