0           0           0
0.00461329           0           0
0.00922657           0           0
0.0138399           0           0
0.0184531           0           0
0.0230664           0           0
0.0276797           0           0
0.032293           0           0
0.0369063           0           0
0.0415196           0           0
0.0461329           0           0
0.0507461           0           0
0.0553594           0           0
0.0599727           0           0
0.064586           0           0
0.0691993           0           0
0.0738126           0           0
0.0784259           0           0
0.0830391           0           0
0.0876524           0           0
0.0922657           0           0
0.096879           0           0
0.101492           0           0
0.106106           0           0
0.110719           0           0
0.115332           0           0
0.119945           0           0
0.124559           0           0
0.129172           0           0
0.133785           0           0
0.138399           0           0
0.143012           0           0
0.147625           0           0
0.152238           0           0
0.156852           0           0
0.161465           0           0
0.166078           0           0
0.170692           0           0
0.175305           0           0
0.179918           0           0
0.184531           0           0
0.189145           0           0
0.193758           0           0
0.198371           0           0
0.202985           0           0
0.207598           0           0
0.212211           0           0
0.216824           0           0
0.221438           0           0
0.226051           0           0
0.230664           0           0
0.235278           0           0
0.239891           0           0
0.244504           0           0
0.249117           0           0
0.253731           0           0
0.258344           0           0
0.262957           0           0
0.267571           0           0
0.272184           0           0
0.276797           0           0
0.28141           0           0
0.286024           0           0
0.290637           0           0
0.29525           0           0
0.299864           0           0
0.304477           0           0
0.30909           0           0
0.313703           0           0
0.318317           0           0
0.32293           0           0
0.327543           0           0
0.332157           0           0
0.33677           0           0
0.341383           0           0
0.345996           0           0
0.35061           0           0
0.355223           0           0
0.359836           0           0
0.36445           0           0
0.369063           0           0
0.373676           0           0
0.378289           0           0
0.382903           0           0
0.387516           0           0
0.392129           0           0
0.396743           0           0
0.401356           0           0
0.405969           0           0
0.410582           0           0
0.415196           0           0
0.419809           0           0
0.424422           0           0
0.429036           0           0
0.433649           0           0
0.438262           0           0
0.442875           0           0
0.447489           0           0
0.452102           0           0
0.456715           0           0
0.461329           0           0
0.465942           0           0
0.470555           0           0
0.475168           0           0
0.479782           0           0
0.484395           0           0
0.489008           0           0
0.493622           0           0
0.498235           0           0
0.502848           0           0
0.507461           0           0
0.512075           0           0
0.516688           0           0
0.521301           0           0
0.525915           0           0
0.530528           0           0
0.535141           0           0
0.539754           0           0
0.544368           0           0
0.548981           0           0
0.553594           0           0
0.558208           0           0
0.562821           0           0
0.567434           0           0
0.572047           0           0
0.576661           0           0
0.581274           0           0
0.585887           0           0
0.590501           0           0
0.595114           0           0
0.599727           0           0
0.60434           0           0
0.608954           0           0
0.613567           0           0
0.61818           0           0
0.622794           0           0
0.627407           0           0
0.63202           0           0
0.636633           0           0
0.641247           0           0
0.64586           0           0
0.650473           0           0
0.655087           0           0
0.6597           0           0
0.664313           0           0
0.668926           0           0
0.67354           0           0
0.678153           0           0
0.682766           0           0
0.68738           0           0
0.691993           0           0
0.696606           0           0
0.701219           0           0
0.705833           0           0
0.710446           0           0
0.715059           0           0
0.719673           0           0
0.724286           0           0
0.728899           0           0
0.733512           0           0
0.738126           0           0
0.742739           0           0
0.747352           0           0
0.751966           0           0
0.756579           0           0
0.761192           0           0
0.765805           0           0
0.770419           0           0
0.775032           0           0
0.779645           0           0
0.784259           0           0
0.788872           0           0
0.793485           0           0
0.798098           0           0
0.802712           0           0
0.807325           0           0
0.811938           0           0
0.816552           0           0
0.821165           0           0
0.825778           0           0
0.830391           0           0
0.835005           0           0
0.839618           0           0
0.844231           0           0
0.848845           0           0
0.853458           0           0
0.858071           0           0
0.862684           0           0
0.867298           0           0
0.871911           0           0
0.876524           0           0
0.881138           0           0
0.885751 1.84111e-05 1.79449e-05
0.890364 6.01303e-05 4.13327e-05
0.894977 0.000178541 7.39401e-05
0.899591 0.000269541 8.56624e-05
0.904204   0.0009347  0.00013619
0.908817  0.00227554 0.000241429
0.913431  0.00450881 0.000287663
0.918044  0.00805149 0.000402093
0.922657   0.0144476 0.000458853
0.92727   0.0247729 0.000643166
0.931884   0.0418237 0.000759445
0.936497   0.0660217  0.00117988
0.94111    0.097718  0.00150014
0.945724    0.141846  0.00179481
0.950337      0.2021   0.0022174
0.95495    0.283081   0.0034847
0.959563    0.388876  0.00202196
0.964177    0.506394  0.00357759
0.96879    0.652484   0.0034226
0.973403    0.827726  0.00396742
0.978017     1.01475  0.00470374
0.98263     1.23615     0.00429
0.987243     1.47472   0.0055328
0.991856     1.72454  0.00634158
0.99647     1.99742   0.0077672
1.00108     2.27534  0.00703253
1.0057     2.55036  0.00973247
1.01031     2.84539   0.0081055
1.01492     3.12218   0.0099066
1.01954     3.39218   0.0076562
1.02415     3.65284  0.00725721
1.02876     3.89668  0.00922764
1.03338     4.11308   0.0103436
1.03799     4.30003   0.0111449
1.0426     4.46814  0.00819602
1.04722     4.63844  0.00918687
1.05183     4.73557   0.0102568
1.05644     4.81639  0.00764916
1.06106     4.86261  0.00710633
1.06567      4.8934  0.00965557
1.07028        4.87   0.0105494
1.0749      4.8331   0.0132681
1.07951     4.77453   0.0140112
1.08412      4.6963   0.0109924
1.08874     4.57678  0.00837863
1.09335     4.44717  0.00860941
1.09796     4.30494  0.00760621
1.10258     4.14636    0.010373
1.10719      3.9738   0.0117714
1.1118     3.81177  0.00873569
1.11642     3.62496    0.012369
1.12103     3.42729  0.00996614
1.12564     3.23792   0.0110952
1.13026     3.03908   0.0103871
1.13487     2.87254   0.0082391
1.13948     2.68255  0.00719228
1.14409     2.49427  0.00688498
1.14871      2.3153  0.00787154
1.15332     2.14315  0.00528803
1.15793     1.97242  0.00495308
1.16255     1.82109     0.00358
1.16716     1.67742  0.00503773
1.17177     1.52361  0.00495464
1.17639     1.39472   0.0049181
1.181     1.25771  0.00555687
1.18561     1.14928  0.00519568
1.19023     1.03919  0.00504479
1.19484    0.936275  0.00394694
1.19945    0.838826   0.0033613
1.20407    0.753278   0.0031421
1.20868    0.672448  0.00353437
1.21329    0.595671   0.0050025
1.21791    0.529151  0.00369674
1.22252    0.466715  0.00342704
1.22713    0.411724  0.00346084
1.23175    0.363629  0.00290618
1.23636    0.316496  0.00275541
1.24097    0.278648  0.00242225
1.24559    0.244775  0.00250089
1.2502    0.210554  0.00227266
1.25481    0.183051   0.0020033
1.25943    0.160289  0.00179154
1.26404    0.139522  0.00156187
1.26865    0.120982  0.00148286
1.27327    0.105383  0.00105974
1.27788   0.0948744  0.00117849
1.28249   0.0834665  0.00120772
1.28711   0.0729764  0.00123467
1.29172   0.0639722   0.0013718
1.29633   0.0584793  0.00139364
1.30095    0.052128   0.0013918
1.30556   0.0474699  0.00123552
1.31017   0.0455311  0.00104295
1.31479   0.0433621  0.00103143
1.3194   0.0425113   0.0012765
1.32401    0.043479  0.00118969
1.32863    0.045424  0.00129179
1.33324   0.0480999  0.00129128
1.33785   0.0527688  0.00155651
1.34247   0.0563151  0.00154135
1.34708   0.0627463  0.00149003
1.35169   0.0713118  0.00145766
1.35631   0.0793381  0.00151553
1.36092   0.0887029  0.00152669
1.36553    0.100114  0.00192099
1.37015    0.111878  0.00223046
1.37476    0.122773  0.00227339
1.37937    0.138247  0.00238209
1.38399    0.156509   0.0022148
1.3886    0.171711  0.00249231
1.39321    0.192814  0.00297155
1.39783    0.212612  0.00269911
1.40244    0.233982  0.00301306
1.40705    0.258273  0.00334223
1.41167    0.284793  0.00318043
1.41628    0.309144  0.00309155
1.42089    0.337543  0.00211309
1.42551    0.366632  0.00217701
1.43012     0.39407  0.00218276
1.43473    0.425062  0.00178771
1.43935    0.462889  0.00217506
1.44396    0.496411    0.002976
1.44857    0.525812  0.00313792
1.45319    0.557929  0.00319799
1.4578     0.59204  0.00230419
1.46241    0.629932  0.00273431
1.46702    0.660385  0.00353559
1.47164    0.692584  0.00275925
1.47625    0.723786  0.00326108
1.48086    0.756699  0.00404616
1.48548    0.787548  0.00415409
1.49009    0.817248  0.00461183
1.4947    0.836524   0.0048353
1.49932    0.865022  0.00417112
1.50393     0.88821  0.00472633
1.50854    0.904587    0.004067
1.51316    0.921565   0.0042691
1.51777    0.939698  0.00466998
1.52238    0.948712  0.00589959
1.527    0.951491  0.00491001
1.53161    0.953375  0.00469859
1.53622    0.955413   0.0052625
1.54084     0.95012  0.00494394
1.54545    0.939621  0.00535672
1.55006    0.929392  0.00545995
1.55468    0.911442  0.00346829
1.55929    0.898292  0.00387012
1.5639    0.880447  0.00406215
1.56852    0.855233  0.00373265
1.57313    0.835341  0.00312308
1.57774    0.807166  0.00264306
1.58236    0.778517   0.0033763
1.58697    0.746887  0.00303725
1.59158    0.709946  0.00228905
1.5962    0.676913  0.00236769
1.60081    0.645717  0.00281461
1.60542    0.604492   0.0025056
1.61004    0.571715  0.00260336
1.61465    0.536946   0.0024268
1.61926    0.502741  0.00217957
1.62388    0.467514  0.00259625
1.62849    0.435597  0.00206072
1.6331    0.406749  0.00230447
1.63772    0.380445  0.00227741
1.64233    0.349534  0.00280762
1.64694    0.322366  0.00236566
1.65156    0.300707  0.00218273
1.65617    0.278071  0.00227108
1.66078    0.259204  0.00224194
1.6654    0.242075  0.00237634
1.67001    0.229733  0.00232368
1.67462    0.214665  0.00192712
1.67924    0.204127  0.00194421
1.68385    0.199525  0.00223811
1.68846    0.198743  0.00256631
1.69308    0.201915  0.00236027
1.69769    0.204847  0.00233846
1.7023    0.211914  0.00250913
1.70692    0.225552  0.00242107
1.71153     0.24331  0.00291888
1.71614    0.263934  0.00273117
1.72076    0.290594  0.00294359
1.72537    0.322652  0.00290334
1.72998    0.357577  0.00270159
1.7346     0.39952  0.00283388
1.73921    0.447217  0.00330755
1.74382    0.499603  0.00314561
1.74844     0.55509  0.00298491
1.75305    0.617379  0.00305118
1.75766    0.690203  0.00311187
1.76228    0.766263  0.00301323
1.76689    0.843034  0.00274866
1.7715    0.927681  0.00352327
1.77612     1.02069  0.00361707
1.78073     1.11568  0.00403863
1.78534     1.21039  0.00348673
1.78995     1.30721  0.00340214
1.79457     1.40985  0.00311582
1.79918     1.52053  0.00518042
1.80379     1.62385  0.00408595
1.80841     1.73304  0.00289112
1.81302     1.83957  0.00336001
1.81763     1.94258  0.00367924
1.82225     2.04318  0.00568635
1.82686     2.13548  0.00613344
1.83147     2.22429  0.00536852
1.83609     2.31541  0.00542067
1.8407     2.39011  0.00495292
1.84531      2.4566  0.00466976
1.84993     2.52087  0.00406869
1.85454     2.57621  0.00556044
1.85915     2.61965  0.00629583
1.86377     2.65018  0.00591435
1.86838     2.66459  0.00687476
1.87299     2.67937  0.00692124
1.87761     2.68273  0.00578371
1.88222      2.6737  0.00682632
1.88683     2.64778  0.00633069
1.89145     2.62208  0.00575221
1.89606     2.58421  0.00465523
1.90067     2.52953  0.00531518
1.90529     2.47025  0.00449252
1.9099     2.40437  0.00467046
1.91451     2.32432  0.00664432
1.91913     2.24567  0.00568443
1.92374     2.15766  0.00472823
1.92835     2.07164  0.00525825
1.93297     1.98338  0.00469786
1.93758     1.88469  0.00480661
1.94219     1.78551  0.00410441
1.94681     1.68988  0.00332271
1.95142     1.58741   0.0034683
1.95603     1.48811  0.00384984
1.96065     1.39737  0.00300656
1.96526     1.30105   0.0026841
1.96987     1.21115   0.0028914
1.97449     1.12775  0.00289821
1.9791      1.0456  0.00294366
1.98371    0.965445  0.00284228
1.98833    0.890497  0.00269952
1.99294    0.820236  0.00271551
1.99755    0.752796  0.00305516
2.00217    0.697505  0.00361417
2.00678    0.644584  0.00364425
2.01139    0.598398  0.00364845
2.01601    0.559863  0.00333106
2.02062     0.52548   0.0031783
2.02523    0.494867  0.00341829
2.02985    0.474692  0.00291577
2.03446    0.462403  0.00294963
2.03907    0.448516  0.00262076
2.04369    0.443006  0.00271465
2.0483    0.442193  0.00315962
2.05291    0.445046  0.00289516
2.05753    0.455286  0.00266018
2.06214    0.469891  0.00247218
2.06675    0.489952  0.00230542
2.07137    0.515505  0.00260436
2.07598    0.540617  0.00223301
2.08059    0.568529  0.00213429
2.08521    0.598857  0.00257005
2.08982    0.628057  0.00253575
2.09443    0.661548  0.00239568
2.09905    0.695123  0.00230218
2.10366    0.729225  0.00255654
2.10827    0.762228  0.00248567
2.11288      0.7933  0.00234879
2.1175     0.82124  0.00221506
2.12211    0.853875  0.00222454
2.12672    0.883562    0.002114
2.13134    0.908244   0.0022434
2.13595    0.933658  0.00257144
2.14056    0.955753  0.00254992
2.14518    0.973513  0.00283003
2.14979    0.986924  0.00282099
2.1544    0.998289  0.00229074
2.15902     1.00199  0.00290008
2.16363     1.00801  0.00288081
2.16824     1.00658  0.00260303
2.17286     1.00358   0.0031896
2.17747    0.996254  0.00294427
2.18208    0.987596  0.00205241
2.1867    0.973755  0.00273799
2.19131    0.955734   0.0019196
2.19592    0.935078  0.00205696
2.20054    0.913755  0.00267884
2.20515    0.893472   0.0020867
2.20976     0.86811  0.00256579
2.21438     0.84532  0.00239451
2.21899    0.816315  0.00200439
2.2236    0.788329  0.00183442
2.22822    0.764575  0.00195219
2.23283    0.737485  0.00254294
2.23744    0.715655  0.00255339
2.24206    0.688388  0.00268254
2.24667    0.664357  0.00297562
2.25128    0.642797  0.00308349
2.2559    0.623071  0.00349881
2.26051    0.607783  0.00360912
2.26512    0.595267   0.0033871
2.26974    0.586084  0.00393198
2.27435    0.581262  0.00358666
2.27896    0.575937   0.0040298
2.28358    0.576566   0.0045464
2.28819    0.580481  0.00430974
2.2928    0.587613  0.00487502
2.29742     0.60051  0.00415281
2.30203    0.614544   0.0040965
